% # columns=["iteration, evaluation, sigma, void, void,  stds==sigma*sqrt(diag(C))", seed=1049903, Mon Sep 26 16:38:49 2016
0 0 10000.0 0 0 10000.0 10000.0555557 10000.1111117 10000.1666681 10000.2222247 10000.2777816 10000.3333389 10000.3888965 10000.4444543
1 10 9136.8514685 0 0 9039.46780896 9043.01269945 9045.50717188 8943.91371958 9108.77050045 9100.796426 9027.31925133 9099.73350699 9078.3613121
2 20 8367.06597385 0 0 8180.15519337 8093.43909016 8304.5484978 8047.50273673 8279.73880412 8239.45683753 8259.77797986 8505.52688065 8220.45521606
3 30 7577.33035622 0 0 6996.81659933 7235.26061497 7454.08335716 7344.00901787 7445.02209135 7426.9881253 7281.79054941 7727.507707 7361.65779903
4 40 6590.35690422 0 0 5892.88577617 6171.96835027 6451.71019891 6298.83571929 6447.22967504 6348.60269793 6193.21721296 6623.39364974 6387.31089291
5 50 6233.32643047 0 0 5480.95604186 5995.86759011 6025.40209192 5817.25383729 6019.53013138 5888.82545684 6002.69283932 6272.65578799 5983.73837294
6 60 6414.37314859 0 0 5347.10146383 6156.9645945 6347.53513122 6231.04843895 6356.8803037 6010.7685297 6283.39224779 6442.37388825 6138.16954642
7 70 6194.00083489 0 0 5056.45867168 5889.77036718 6330.85702279 5901.79616748 6125.68677918 5880.01108409 5997.46887902 6162.92086923 5975.8292398
8 80 5772.05162556 0 0 4592.95240992 5354.40855798 5864.06569782 5559.9720521 5662.4263172 5385.54961962 5628.62859919 5761.39920318 5526.5032795
9 90 5366.09734536 0 0 4194.26691426 4950.35244838 5303.83295975 5175.76052208 5280.82756903 5109.96580507 5185.28573832 5361.94620689 5065.70263898
10 100 5322.48381658 0 0 4160.52362117 4785.55402688 5413.60739721 4915.30346763 5481.95594086 5094.09199486 5071.59623388 5261.42186784 5086.03103846
11 110 4895.42948885 0 0 3780.00008946 4283.96779792 4983.46998279 4423.91528613 4999.08583405 4602.04632336 4767.49778756 4767.5146987 4656.69960651
12 120 4389.81793236 0 0 3339.70215004 3725.48568784 4378.99319283 3848.76894475 4418.97362717 4024.94237212 4294.15161706 4252.28479934 4164.85797949
13 130 3876.08765997 0 0 2897.91421156 3204.43475823 3822.78721218 3382.57812869 3845.8966653 3563.41537391 3725.94777028 3699.38798946 3575.74903021
14 140 3461.81418422 0 0 2542.99946441 2786.53974138 3361.46959744 2957.1959176 3359.06483616 3101.79520326 3433.31714348 3334.58644821 3260.90166863
15 150 3253.17808037 0 0 2313.61969182 2626.31764436 3284.43942249 2657.43262555 3137.21999774 2892.10677267 3198.46774068 3090.34069946 3036.87332495
16 160 3015.56310389 0 0 2109.76830578 2410.13336685 3024.0030526 2409.52729917 2886.31166049 2617.56236751 3004.16301867 2791.92646833 2854.99192041
17 170 2969.84724967 0 0 2005.20749094 2396.37630061 2935.66380721 2325.1846561 2864.9664431 2516.86647896 3038.3750751 2774.29257521 2830.1141144
18 180 2948.52008187 0 0 1982.88940304 2344.25192715 2919.69885874 2442.51941553 2844.11647354 2468.93286896 2985.08186909 2735.65369279 2753.53815067
19 190 2737.16033271 0 0 1791.4072437 2124.48007987 2651.49771679 2198.39708166 2666.40055602 2297.35258106 2860.78189625 2520.85685637 2506.44845214
20 200 2518.93965265 0 0 1619.75425974 1885.62021955 2404.56723733 2035.08229101 2477.0168778 2117.92960147 2606.01954639 2310.02867284 2276.20065076
21 210 2231.47782759 0 0 1397.67808353 1598.84542696 2137.9626782 1764.44045528 2200.9042006 1863.46422699 2275.97595063 2051.32788673 1979.63006019
22 220 2039.1973735 0 0 1249.98093465 1434.86664444 1924.32953006 1574.16053991 2039.90588483 1670.60106481 2060.92132967 1859.6206358 1764.54031339
23 230 1952.33739681 0 0 1140.06069922 1376.18614669 1816.20544959 1527.79092568 1998.76154168 1599.30676577 1938.73383407 1746.42550504 1652.88794619
24 240 1845.24820445 0 0 1031.18809583 1281.66342948 1711.52318762 1429.66228176 1889.77889616 1487.51298549 1786.29918242 1697.34683218 1601.28205789
25 250 1595.56346791 0 0 876.294570845 1072.85338461 1497.76466145 1209.61907927 1605.72736131 1267.13370133 1538.20654522 1458.88793054 1376.09141152
26 260 1470.23276874 0 0 769.784239228 964.427232607 1349.96369323 1098.90660879 1473.34663468 1153.83988202 1399.94498625 1381.70578126 1255.01841027
27 270 1406.55904516 0 0 708.431236478 905.162219676 1275.71152382 1039.71589159 1410.9014673 1100.98701454 1346.00348554 1338.18157417 1186.75114109
28 280 1302.42181553 0 0 615.851536256 813.852718158 1167.53074422 961.964470443 1296.22829948 1022.88688192 1238.7602537 1278.33578615 1100.38079654
29 290 1184.87539056 0 0 543.564867641 730.490790074 1042.79272808 868.122486177 1158.3142301 919.380529649 1091.26677502 1151.37077195 994.238138728
30 300 1062.01642965 0 0 468.891726577 652.229610579 926.896868253 784.666682403 1020.58661459 812.122697345 973.686447429 999.069641812 886.867879984
31 310 929.715042141 0 0 388.575295929 560.120688425 802.224934735 676.411705915 885.978200412 708.10615737 834.31210389 872.012293306 779.596622776
32 320 857.357180854 0 0 350.848957603 489.176756234 732.307837837 605.596189225 816.292582937 664.021545498 767.262836391 791.969710749 715.913688199
33 330 790.541558327 0 0 317.462278492 434.601511725 677.636280944 556.90823992 759.971710998 609.481062898 700.160810415 720.974225475 663.450794577
34 340 771.476849879 0 0 299.315077775 415.679708664 641.880013064 526.169667939 736.147820364 645.689355951 686.124158419 694.022358253 637.223475852
35 350 736.786009232 0 0 277.618116599 380.255835312 605.88617904 496.018010654 694.592586425 633.034904763 650.804838331 658.70262075 613.83166167
36 360 675.861015215 0 0 250.523876262 344.520727021 549.041470149 442.474662133 622.21702974 571.889377476 590.256991685 595.197740563 552.481261481
37 370 664.841395232 0 0 240.154761085 336.221300571 530.920196996 421.53981803 629.105858473 561.588343228 584.868926576 570.992238088 540.888938013
38 380 643.355560867 0 0 228.289774347 322.716786297 506.739128072 398.207670849 607.179440302 532.017652068 578.116820718 547.031466215 540.026061187
39 390 641.885638112 0 0 224.3328092 312.815949089 516.746555295 386.465970273 602.491853684 537.003707231 589.756566647 544.964050691 539.192110716
40 400 631.664547507 0 0 214.525058203 301.936835264 510.864589481 379.515032218 584.210600623 526.425886936 580.063460461 543.337841763 516.232033965
41 410 663.876095547 0 0 219.83765794 317.72053627 529.986435382 388.195033135 632.858308959 542.379345557 606.647794989 606.229409972 534.678064203
42 420 660.642207203 0 0 216.935280193 309.894898827 512.673051631 376.567649837 622.829697915 553.288616975 601.251637791 627.378112664 531.794180701
43 430 683.363784026 0 0 220.769368412 305.78101673 585.022324214 393.895417801 643.381573699 579.629263654 606.027271283 644.729726658 543.304407312
44 440 691.851990934 0 0 220.905688749 302.893045128 616.460266962 392.881776531 647.140352844 583.190130774 614.003383011 654.351625157 549.839788531
45 450 712.786331093 0 0 219.150697546 304.436307333 632.406623304 404.51273447 680.183317839 595.145129886 624.643062904 720.547586243 562.123455428
46 460 712.242789777 0 0 218.244383401 290.405751677 624.466349023 409.233396791 691.268439704 588.873404373 624.216177473 731.160700441 557.135091572
47 470 681.897450729 0 0 199.594669953 272.196885923 587.151523658 395.385979342 660.191406795 555.214613618 633.895449617 702.610138902 527.721173526
48 480 645.58429571 0 0 187.006384055 251.241946581 558.6612523 371.608904997 627.34896799 520.798979471 614.7391255 638.691921467 491.904713349
49 490 630.997526021 0 0 173.151285283 240.777106421 540.123864885 364.495948463 602.387018862 504.086766675 637.002912418 616.386245397 468.877554668
50 500 586.111653623 0 0 157.035182557 217.509578185 494.34104068 333.864208847 562.978024098 457.786633603 586.72036571 571.314101419 441.072893614
51 510 539.66206392 0 0 141.032745548 195.132904374 444.857497005 304.935643579 515.074477158 415.35265574 531.104869638 521.499663044 411.10342034
52 520 505.249159964 0 0 129.839415517 180.918602505 406.744137635 280.989598597 479.553955644 376.295184256 492.438107643 481.983947594 392.622358972
53 530 487.277653585 0 0 120.90407268 174.018711674 405.188236524 275.232027987 455.297105479 359.237873899 468.091918628 464.454690603 374.620597902
54 540 454.918171623 0 0 110.019849672 159.562249773 372.673338244 254.195586026 422.899721479 336.950899889 433.820172764 427.995513289 346.014875768
55 550 405.203496966 0 0 96.0651159127 140.905353789 333.741067109 227.404325807 383.653724228 298.081423032 389.280313197 384.383261324 305.738347854
56 560 362.259184266 0 0 84.6682691123 121.722026053 300.436521854 209.279658337 337.742377615 262.780857388 345.883751712 337.62672916 270.249418664
57 570 355.360473351 0 0 80.2284634139 115.507516905 292.293303963 205.502311937 343.305157981 261.372650737 340.47780936 329.455057941 276.803340204
58 580 309.190598729 0 0 68.7061589724 96.107218232 248.207484418 180.147107277 292.263623142 227.077754601 291.018185329 285.026329686 244.383444263
59 590 293.503205355 0 0 63.3018555548 89.4460226693 232.080146439 169.996318329 279.557262593 214.097181892 279.361102555 270.065122337 235.935804517
60 600 283.268274621 0 0 60.0909101412 85.3992178451 236.104754183 165.173959839 269.903082741 209.394094502 266.651653578 258.014874626 232.327290346
61 610 256.767182294 0 0 52.5462113729 76.8454058082 214.227021697 145.548856404 239.317218196 185.4210414 238.456917749 232.285693678 210.475413977
62 620 237.882931175 0 0 46.3943867425 69.4207748413 197.22186162 133.57971608 220.513662937 170.199814032 222.266057981 218.153922252 195.149659656
63 630 221.848572897 0 0 41.2573304651 64.1404948131 182.805446541 123.25226779 204.763229979 155.051260118 203.959913025 202.29780478 183.589143174
64 640 198.01407215 0 0 35.8236203084 55.9189930871 160.724389553 108.351115461 182.368643667 137.233748816 181.239515539 184.494685305 169.223572668
65 650 187.889926999 0 0 33.610945539 51.4791404469 152.598479478 101.58242762 171.909768159 127.104607375 178.195158399 173.985524678 158.510230511
66 660 177.742303873 0 0 30.4757765416 48.4545753652 140.054691862 97.7887660012 160.212540313 115.317246651 168.919569685 164.204654001 151.066508418
67 670 164.819336124 0 0 27.0062000807 44.6410998173 129.897265686 90.6569934751 147.751682278 105.074519858 155.864868788 151.423771234 138.052653828
68 680 147.721430704 0 0 23.6092023794 39.4317627592 114.930418078 81.537295458 131.665439438 91.2538820036 139.060716213 132.800557023 122.974601747
69 690 146.911220379 0 0 22.7278097136 38.3799170728 115.170454249 80.574417202 137.069210809 90.0395115093 139.703038768 132.916628887 121.995099388
70 700 171.461722236 0 0 24.8108358056 44.581305716 145.934908457 102.253077768 168.931610224 104.723335217 166.88758039 155.336283477 142.046385533
71 710 157.543982502 0 0 22.4871596841 40.153907553 137.290655177 94.9428458773 153.586693943 94.2299045076 151.995581483 143.427441082 127.13965204
72 720 140.842560031 0 0 19.26151189 35.3151700207 121.037756322 82.8177998281 132.48141614 82.4185037829 133.859251499 124.602323509 113.619565997
73 730 143.683190608 0 0 19.4531111293 35.8911796358 125.408640304 83.0521858975 133.62077686 81.2497018236 133.137360949 124.417137081 114.672080589
74 740 145.866263775 0 0 19.4917930047 35.7181410498 126.262958483 86.333817946 133.973549891 79.9091342335 133.182909364 130.560676621 113.83391744
75 750 143.674088289 0 0 19.1793939974 33.83867165 121.858311261 83.2128537692 141.997290707 77.8661702101 130.335973316 132.321548278 110.891974134
76 760 137.976265717 0 0 17.8489495735 31.9978872153 120.509442361 79.3236808106 135.910207082 73.1833361946 125.60889588 129.975940962 105.886989455
77 770 125.543932444 0 0 16.0524126116 27.5858100531 108.264532868 74.7833472549 126.29980394 65.0607840321 114.863653206 117.252546826 95.1760559578
78 780 115.857457657 0 0 14.3268417385 24.8920362732 97.931473049 66.3544570729 116.617087362 58.6749525586 105.526320471 107.119295914 87.3747856886
79 790 110.410309671 0 0 13.3497608711 22.8696147113 92.4694090444 62.5713656988 110.832384878 54.7812010187 102.784579276 104.023134019 82.4760737583
80 800 116.775241239 0 0 13.4559265514 23.7805233235 101.580448916 70.1313481378 118.881526357 56.5155612847 108.819649413 108.944372806 87.7247175987
81 810 122.467795894 0 0 13.8933099279 24.2096317248 105.962485698 73.228081321 121.638820697 57.8690948911 120.345738357 112.923706179 93.2056996006
82 820 121.651321971 0 0 13.3646451338 23.5481203108 104.89399117 72.7262411487 120.457148705 56.4299136687 120.308249063 112.392883212 95.520972943
83 830 117.991597073 0 0 12.4332417042 22.405608846 100.157472535 70.6240973525 117.277046773 53.0523365077 121.653276659 107.479839548 91.5446840393
84 840 116.575424842 0 0 11.8995493581 21.5260987226 97.1378116736 69.8045680237 119.280825444 53.8532032697 118.351131079 110.064214717 89.5498798788
85 850 111.314957445 0 0 11.1094109376 20.3934324106 91.1660529773 65.7264808407 111.732915465 49.8432604666 113.818888794 103.343014214 86.2963885189
86 860 101.29550822 0 0 9.97319467867 18.0070362948 81.7854117294 58.8471280361 98.6285217512 44.5576117588 103.391298451 93.5044616686 77.3051222612
87 870 98.9212710257 0 0 9.41085207692 17.2084754067 78.70422728 56.7746377201 95.5826643114 42.5529553561 99.4288756538 96.6643683629 74.8361783304
88 880 100.646029242 0 0 9.277136797 16.8921385851 81.9667853063 56.2203330384 96.2659809946 42.5725524789 99.2824765914 102.646958886 75.2443240093
89 890 97.3707473933 0 0 8.67447566033 15.9052404818 78.0671975441 53.6112025752 93.4663992666 40.275630604 94.3733949427 102.794698157 72.9224945748
90 900 87.181948194 0 0 7.64863377578 13.926467928 69.8326991114 47.6960765536 82.7512387129 35.1891668873 83.1319045045 92.0478093439 64.5323614493
91 910 84.5464141873 0 0 7.36420110879 13.168280005 67.3366907547 45.7343122221 79.6568800956 33.4110802566 80.2189905705 90.484232617 63.6163804619
92 920 76.6388716486 0 0 6.65700983831 11.6466442605 61.9814208422 41.3148783114 71.5286587301 29.8704063374 72.1443191098 81.1670291922 57.866394475
93 930 67.4896863737 0 0 5.74406386186 10.1430836515 54.7152704146 35.339497364 62.3472428166 26.1149266733 63.3730502699 70.2447370229 51.1807931848
94 940 60.1203980668 0 0 5.04996632154 8.70208630017 48.1198229094 31.4058177565 54.9247781746 22.6253233524 55.7897063889 62.5801065034 44.8384280832
95 950 53.7079488992 0 0 4.3563640895 7.66628973112 43.0290268968 28.2738662577 48.2635691698 20.0458451915 48.8048938975 54.9039030734 39.0382949878
96 960 48.3742569505 0 0 3.85834526122 6.78320366398 38.4399318145 24.9156661468 42.7605632889 17.9464691829 43.7777768181 48.9420240565 35.6070190942
97 970 44.6255601515 0 0 3.43440866867 6.14684127783 34.2678816517 22.587737033 39.0318993203 16.4072860368 40.0029245625 45.0394063662 34.3329510789
98 980 42.7536898676 0 0 3.2510282985 5.75164007705 31.8709716151 21.5095491278 35.936084706 16.1921891962 38.3091083063 43.4786326342 32.9256574877
99 990 40.0100616174 0 0 2.94988587831 5.25901405129 29.0126781928 20.1196201644 33.4629509087 14.699122865 35.6013165209 40.2882245266 31.543062809
100 1000 38.0443074837 0 0 2.78265448445 4.89824674488 27.290225653 19.2180678156 31.8423709445 13.504169431 33.4510095906 38.3924394371 30.3708730528
101 1010 35.0998042981 0 0 2.50846351083 4.39896102343 24.9044140982 17.471251892 29.1283262918 12.2164230556 30.8491910661 34.8568973715 28.0436821702
102 1020 33.74125965 0 0 2.36500512824 4.15115341707 23.4339952268 16.6243657899 27.8812539218 11.6001093994 29.3884509823 32.7833311858 27.4679124776
103 1030 30.4271318304 0 0 2.09429022091 3.59132975633 20.6775249874 14.959628141 25.0352434214 10.3166926313 26.2689501451 29.8593966848 24.9621052013
104 1040 30.8914900588 0 0 2.07164431157 3.51982293814 21.1204366411 15.3203434327 25.2635964884 10.2345362588 26.8183874491 30.489543166 25.7099775595
105 1050 28.9349313478 0 0 1.90694249847 3.19522400057 19.2415072577 14.2080297472 23.7509094106 9.47206016246 25.9204307018 28.5662957354 24.4079181093
106 1060 27.696060164 0 0 1.80218658069 2.997572558 18.2718982983 14.4894130345 23.532510104 9.03256146575 24.7061367805 27.6410155013 23.1410278931
107 1070 26.4910506637 0 0 1.68223419164 2.78649444828 17.2468007875 13.6899215495 22.5454960518 8.46169249517 23.3335270101 26.2784627943 23.0252196057
108 1080 27.4139641081 0 0 1.70568941142 2.86893170344 18.0568520836 14.7133679429 23.2168220074 8.29904293235 23.8610779162 28.6947448377 24.3313969328
109 1090 27.9591989835 0 0 1.72454899598 2.99387766971 18.4808468874 14.8578994151 23.1865528785 8.3100241654 24.2489731915 29.7346766888 24.960882127
110 1100 30.3565585197 0 0 1.87035388133 3.20822222505 20.127265267 16.2261837278 24.8260518909 9.08842318601 26.5837903326 34.5422386689 27.5389767177
111 1110 31.3078002029 0 0 1.89698309057 3.20040278707 20.0330794424 16.4542385893 24.7278746325 9.15633992661 27.52832319 36.8416435585 29.4293652398
112 1120 30.7325667073 0 0 1.83616979472 3.18911006079 19.5716652275 16.3490689677 24.3945102909 8.79249735328 27.2336051708 36.2255689266 29.3227644892
113 1130 30.8445892185 0 0 1.78580694542 3.13098184859 19.5598015399 16.2395771276 24.5247951084 8.72757713287 27.4527340913 35.7394953487 30.4862960162
114 1140 28.1723292555 0 0 1.57869149807 2.79812439049 17.9057696561 14.6638433756 22.0991296649 7.66189603079 24.9929528108 33.2105112161 27.8859625478
115 1150 28.2109304597 0 0 1.55512258901 2.71973283732 18.286065761 14.6050284162 22.1667662045 7.72951722429 25.104494193 33.8108208637 27.8058777155
116 1160 27.8021403707 0 0 1.50399368992 2.67502174794 17.7777945691 14.4880058405 21.876345875 7.39774573384 24.7049911215 34.8946207997 27.6253752764
117 1170 28.3619992635 0 0 1.48543386896 2.65522613899 17.4293679036 14.4688705128 21.9313881683 7.50596526167 24.9242987086 37.9613219047 28.8840928275
118 1180 29.1252193555 0 0 1.46583025112 2.64495928356 18.30702774 14.6743238773 22.2620281834 7.59369682047 25.3730907935 41.6211891398 30.8596133563
119 1190 30.841220118 0 0 1.47894395224 2.75289012023 19.1283808917 15.4523151761 23.4966991447 7.83137159747 26.6948196683 47.3405006123 33.3462131995
120 1200 28.2236503145 0 0 1.3146424886 2.4731104143 17.3636395358 14.0214415589 21.5519718406 6.97749047612 24.0467678061 45.4481075405 31.0240950916
121 1210 26.7044296176 0 0 1.22627806368 2.32587942664 16.5543160911 13.2505108358 19.995953128 6.4372293652 22.4521348435 42.7939069908 29.2754474356
122 1220 24.1379390574 0 0 1.09065528341 2.02937400285 14.7183528472 11.8631993837 17.7795678783 5.77645380235 19.9340535578 38.0782699305 26.7500299594
123 1230 22.5983066208 0 0 1.01556337783 1.86472181403 13.6275716244 10.9535067058 16.5350593215 5.35782048312 19.2116345052 35.897241331 25.9557081829
124 1240 19.3298279908 0 0 0.84417933213 1.55016971894 11.5031399526 9.42520297493 14.1020059094 4.5351466973 16.2520998585 30.06686898 21.7738236802
125 1250 18.1065497417 0 0 0.784237225619 1.40595408295 10.7397790056 8.96302369013 13.1174057499 4.15659426659 15.1306089906 28.1148379499 20.8610465635
126 1260 16.0422312198 0 0 0.681271773767 1.21995867726 9.43662391477 7.72378505003 11.0799103186 3.64352752171 13.3926645368 24.7164424576 18.5404329473
127 1270 15.8203484556 0 0 0.649540634419 1.19383303129 9.20059268884 7.55848516682 10.9161190055 3.53747971142 13.6095983131 24.3158132332 18.3801667186
128 1280 15.8299090319 0 0 0.645251506339 1.1428754695 9.15658586 7.50579752426 10.659668926 3.48749780546 13.5724940856 24.7839057796 19.3122022626
129 1290 16.8165141678 0 0 0.665363201572 1.22300401563 10.318059281 8.38351407406 11.4399418355 3.63034022825 14.4401753067 27.9965424058 20.8625685409
130 1300 17.9453293992 0 0 0.71435428047 1.28815076841 10.8654148289 9.10194799315 12.2589920832 3.81115693577 15.2498005053 30.8977483856 24.0365993141
131 1310 18.2032051577 0 0 0.711704580257 1.3104442484 10.6088796113 9.10024369291 12.2381690763 3.82724110014 15.5739595948 31.7630151035 25.7930380729
132 1320 19.7651820974 0 0 0.759482426804 1.40688724212 11.9474062673 9.73550605646 13.3985477103 4.06875126781 17.5174281802 34.8005938825 29.6774334648
133 1330 19.1162240028 0 0 0.720632472083 1.32435932306 11.9765015471 9.31909549278 12.8901072099 3.8516710448 16.8900180447 33.8590092672 28.7902995977
134 1340 19.0161923656 0 0 0.686837481576 1.32014646934 12.3302274027 9.08210876831 12.7804156078 3.7564826026 16.9495488306 32.9818646651 28.1716856211
135 1350 17.4872078763 0 0 0.620684771412 1.19270987449 11.330376334 8.37283605164 11.558148339 3.35916439465 15.5826538692 30.6169435195 26.2708140708
136 1360 15.4890462912 0 0 0.536890167272 1.04055349677 9.94519925179 7.32319238419 10.0466540726 2.89062879073 13.419768077 26.8097084867 23.412060524
137 1370 13.6862838639 0 0 0.481617031701 0.901199027598 8.64622311963 6.4664601879 8.76287823762 2.53404705616 11.634298322 23.6143726534 20.327227463
138 1380 13.1127335899 0 0 0.453095245569 0.869796616363 8.14065402383 6.15503946762 8.30994295498 2.404225428 10.8370697806 22.072793704 19.2835025546
139 1390 12.9830303871 0 0 0.447317306521 0.842183949982 8.13188756142 6.31842702304 8.5324492781 2.40051801336 10.6240719549 21.5160766266 18.9325060024
140 1400 12.1717107172 0 0 0.410847638364 0.772342586678 7.58435590202 5.80698081385 7.79786750023 2.26698870341 9.99464606117 19.9238161459 17.5697868564
141 1410 11.6673970281 0 0 0.385552143015 0.727919431984 7.17056864178 5.62836134671 7.47649601004 2.15638410886 9.45325580819 18.9837539777 16.2382532259
142 1420 11.4798285682 0 0 0.368172695211 0.681310542745 7.00922349522 5.50945964167 7.37612795805 2.10907064047 9.59226618161 18.6085498195 15.9987579071
143 1430 11.7773902141 0 0 0.3703664857 0.68534171667 7.07904857661 5.69343032567 7.69368689085 2.12377990191 10.2352880358 18.8460560148 16.6269663775
144 1440 12.119833996 0 0 0.375688613094 0.694157337783 7.06990682674 5.78747955637 7.91092003489 2.15552182781 11.2570332276 19.7810998561 18.1471277359
145 1450 11.7837166198 0 0 0.351286839123 0.671152310909 6.60066551898 5.69920114295 7.63092228142 2.02987622908 11.0877213748 19.5275365518 18.1171954103
146 1460 11.4332529414 0 0 0.328395364211 0.643781026974 6.51319687338 5.54327635462 7.35193969902 1.92584578382 10.7911477527 18.8883331325 17.579258089
147 1470 10.9078055198 0 0 0.306434022002 0.594877608591 6.25778797071 5.25760927106 6.92192066204 1.7972597994 10.1693950908 18.2915360562 16.8640320186
148 1480 10.4625445018 0 0 0.29056003096 0.558292037326 5.84338142288 4.91268479573 6.57010127282 1.72153342672 9.64089335011 17.3647562867 16.5472910374
149 1490 10.1403633322 0 0 0.280561449422 0.534392183284 5.5279462037 4.65974965498 6.20528310569 1.65240810635 9.74118202674 17.2117307502 16.7069937201
150 1500 9.18782668981 0 0 0.251091321993 0.475324521344 4.90161224838 4.2061648142 5.57568555571 1.43888095169 8.72684259586 15.7231546368 15.0667652685
151 1510 7.93242199053 0 0 0.211697242207 0.393997831638 4.19382271487 3.61942164305 4.80520488689 1.23232581806 7.44910850394 13.3899993439 12.9009403425
152 1520 7.49426151972 0 0 0.193607246545 0.364127703381 4.0924222485 3.38652355498 4.54489405612 1.18542565506 6.88265554348 12.6027415299 11.9177354538
153 1530 7.10547263848 0 0 0.180576051752 0.346279472139 3.71700847968 3.11172030751 4.18088829656 1.09069026792 6.50351467808 11.8084490844 11.2305544697
154 1540 7.05460396844 0 0 0.177405783431 0.334710506023 3.71025413559 3.10673879237 4.06614390813 1.09238917836 6.42810276169 11.6171354406 11.2297397739
155 1550 6.88193205161 0 0 0.168233147129 0.321229510763 3.51280019296 3.10306369169 3.97043986834 1.04381861016 6.20380822626 11.1458034818 10.853267395
156 1560 6.24129877431 0 0 0.14772150501 0.29089685411 3.14285283452 2.81266775865 3.59063925439 0.928904378717 5.49148448433 9.99513483263 9.82779285512
157 1570 5.79246651613 0 0 0.134860909942 0.273476386804 2.88062314323 2.57428007997 3.25655941615 0.846368492439 4.99281413939 9.16555456635 9.36194489538
158 1580 5.67393758154 0 0 0.129938293722 0.267414145183 2.77033504605 2.42195251125 3.07740112368 0.816252615249 5.00642659588 8.90818091324 9.0545369767
159 1590 5.69620068315 0 0 0.126706771054 0.265261419149 2.70955823042 2.42841842777 3.05664662143 0.833890386227 5.11799230519 9.20193521053 9.43541919116
160 1600 6.61175435381 0 0 0.147465986116 0.294124801425 3.15716553211 2.82393907343 3.53250708284 0.952806010019 6.21749733196 11.7535477045 12.5382290425
161 1610 7.92548597139 0 0 0.179247911118 0.349845271667 3.72019474285 3.39615673876 4.25874622847 1.11352509722 7.77671006305 14.8984190894 15.6471440875
162 1620 8.91383632864 0 0 0.197999003633 0.388951851277 4.1735885139 3.74980550336 4.73679874535 1.22172280292 8.61670067671 17.6181356018 17.9183218247
163 1630 10.1533538027 0 0 0.232893477359 0.435101508197 4.73186599809 4.22634073821 5.31530930222 1.36096374316 10.7947174725 20.8291984144 21.585014265
164 1640 13.2646793249 0 0 0.306904170846 0.565540292555 6.04736627207 5.4782187032 6.91877180887 1.73333043008 15.4870805267 28.6178232399 30.2549318765
165 1650 16.7877759325 0 0 0.386424047387 0.703868656196 7.46813263859 6.78179576663 8.66053744861 2.16196968871 20.3257708337 37.3228530364 39.1533475552
166 1660 20.7037936935 0 0 0.504050720433 0.849352791825 9.0695848898 8.21619723597 10.4219147423 2.60221960695 25.5107181202 46.5522715933 49.1464815002
167 1670 27.3558120408 0 0 0.663911891128 1.10576759417 11.943363874 10.9174253243 13.7432220769 3.45190803154 34.8672676841 65.1496594273 67.5314594257
168 1680 34.9714313264 0 0 0.846352349711 1.4103825282 15.1237828704 13.8307236582 17.2502787957 4.32069853135 44.1581356984 83.2636270412 85.8913694751
169 1690 42.7634901288 0 0 1.00874816284 1.70129179907 18.4283853574 16.6775030796 20.529163019 5.20400668406 54.0034124078 100.745733876 104.88242284
170 1700 56.8114669067 0 0 1.3107150433 2.22162981834 24.4557726932 22.0149801102 26.9014116503 6.85054878882 72.6101350202 137.353581936 144.254444386
171 1710 81.9300954044 0 0 1.8906261041 3.10549653337 35.065602981 32.2575847687 38.7353773432 9.83732459941 108.677277619 208.532887245 217.240229286
172 1720 107.55962361 0 0 2.47712848473 4.03330254914 46.1564744563 42.6020504826 50.9605140677 12.4258680498 140.339259607 269.200804503 280.066311087
173 1730 134.458764322 0 0 3.10021494053 4.99350603959 57.2694307405 52.7762898564 63.539368853 15.2363535973 178.178813395 335.806832076 352.171039052
174 1740 170.10806854 0 0 3.88600385564 6.39740062049 72.2263207157 66.8799886934 80.4820745432 18.8650026331 230.905454365 431.664077408 454.714175791
175 1750 198.376289412 0 0 4.39966757812 7.32756703288 84.2846825276 77.7707240681 93.0185474854 22.2100807563 269.244657584 499.948046622 523.422091961
176 1760 225.644340715 0 0 4.97035698555 8.13963567158 95.3952996305 88.9339227021 105.66791217 24.8368099019 294.152146326 565.612834518 591.831148292
177 1770 261.806302259 0 0 5.70599825256 9.15878122065 109.52285409 101.013004151 120.765100106 28.4841915404 342.144115991 667.006518053 712.728380921
178 1780 299.548913755 0 0 6.30506232879 10.3924394449 124.998152302 114.818836825 137.350423756 31.383733724 380.794969085 754.742221611 810.44902858
179 1790 322.371447756 0 0 6.63729651415 10.7102780875 133.184282811 122.716206801 147.623779702 32.9833880402 404.767768793 814.138328843 887.768635949
180 1800 359.27790675 0 0 7.25258662852 11.8401594726 146.605546511 134.778736772 161.814255773 36.3869743753 446.715332283 914.24714482 1026.48269109
181 1810 385.298594791 0 0 7.64247966738 12.3253775831 155.556024712 143.033900321 172.8809474 37.9645582374 494.746765763 960.571558047 1086.78723595
182 1820 404.539609965 0 0 7.67315974556 12.8399007183 159.374321899 150.837310669 181.412869638 38.9961426478 517.052350409 1010.57871781 1121.9574081
183 1830 430.948205072 0 0 8.22950363554 13.4641618248 163.118260442 159.574535737 191.990521252 42.0420335171 542.974451491 1045.92111099 1165.8917768
184 1840 426.813036613 0 0 8.08173161222 13.0331352098 161.858182298 157.382628937 187.739538787 40.8791541495 521.979254486 1020.67433851 1139.6147742
185 1850 406.835284817 0 0 7.66651701346 12.3802142177 151.33402861 151.2284384 182.041846588 37.8561756231 492.609714957 952.79460326 1064.57255071
186 1860 396.98907645 0 0 7.32864342624 11.8451960569 145.066390465 146.539919298 179.144984182 36.4627477824 482.940593228 911.102639044 1023.22553889
187 1870 355.636512775 0 0 6.55622074349 10.4494676932 126.728960475 130.000928648 158.689623856 32.5805187415 421.508909835 792.371091502 892.150252715
188 1880 315.160923725 0 0 5.7533185363 8.94589086294 111.530709096 112.771126572 138.409834452 29.8567976793 383.030326518 691.736950214 777.233049656
189 1890 304.8225529 0 0 5.5002456549 8.42876925134 104.95615897 109.70084821 133.494876125 29.0362819828 358.903281033 648.220023738 721.102395127
190 1900 286.700831003 0 0 5.10889135889 7.89018528647 95.8957556178 101.607068525 122.987408509 26.9313313735 338.821485308 603.212783897 669.636686272
191 1910 291.724933781 0 0 5.15246025384 7.91360510763 96.5361419118 103.308229026 125.006458628 26.3895387349 347.217702446 598.059329017 665.814480984
192 1920 277.075569381 0 0 4.82200864912 7.48666569611 90.0975742374 99.5012319829 119.539647479 24.513149282 331.22933766 555.505417949 618.080684723
193 1930 245.723418295 0 0 4.17405512165 6.60034857204 78.1523979251 86.3716135016 104.551299272 21.6902173045 291.839280916 478.268363816 521.480231454
194 1940 215.581821856 0 0 3.57683800089 5.73146785444 66.8981607216 73.2854395112 89.2537795913 18.4866186834 254.295294935 416.156682588 456.696310678
195 1950 202.365567409 0 0 3.3634390318 5.33851056886 61.8867969014 67.2076569404 81.5421151509 17.3025868701 236.681501196 377.814434373 413.003866223
196 1960 182.985888788 0 0 2.98560027076 4.86505537309 55.5954461531 59.1821120776 72.0826270166 15.2940618481 209.500245596 328.642566145 361.49897606
197 1970 170.987540281 0 0 2.80189270834 4.45520511622 51.7318238477 55.8282227082 68.4135256281 14.2745923208 193.54570338 312.893412174 338.984856132
198 1980 163.89588514 0 0 2.62880391332 4.16672616915 49.6601349383 53.4801223258 66.752289838 13.6289365982 185.568556533 290.953133571 314.942964925
199 1990 151.875201002 0 0 2.39800124107 3.75926866861 45.783534643 48.9538117222 61.0440501121 12.2665187973 176.04100728 266.231195847 286.516837604
200 2000 153.089775898 0 0 2.44015635228 3.66238126417 45.3187125746 49.2714135169 62.3722801361 12.2640810298 179.056161723 265.354761217 285.623321625
201 2010 155.230168702 0 0 2.41470850931 3.68814127775 45.4890800367 51.1957015611 63.2831506115 12.0095619615 181.289634243 271.270026949 287.133150956
202 2020 153.816708658 0 0 2.31361255732 3.60276590461 44.8337498111 50.6479859522 63.1985525567 11.7459849113 178.71389646 261.513731097 275.513512658
203 2030 145.365924555 0 0 2.15465588603 3.27967223985 41.7571480803 47.1930070292 59.1221796273 11.1174226644 168.176648972 239.718673952 256.715467609
204 2040 130.655400181 0 0 1.92097432213 2.89058838323 36.8664537066 43.2341014517 54.7104970197 9.94519398633 152.792930022 213.682930141 225.934032162
205 2050 121.093320088 0 0 1.75069968899 2.6437673028 33.9792035786 40.3503904854 50.2892868903 9.0468437984 143.953237096 194.139647156 209.439859818
206 2060 107.794918559 0 0 1.53333453528 2.33416070467 29.5491265395 34.6261933187 43.0035551083 7.91403719836 127.217714945 169.242999342 185.330836661
207 2070 107.099666144 0 0 1.47956206891 2.34954398386 28.7275190841 34.3315223443 42.3342622939 7.73902642879 126.160741134 167.373497517 180.628800081
208 2080 98.689293065 0 0 1.3467338927 2.12282989554 25.4440468245 31.2936399272 39.0339719351 7.11214168301 116.227843933 152.02741 162.47493672
209 2090 97.1015032255 0 0 1.29486716081 2.03365391745 24.5730714893 29.9949504872 37.7724826853 6.89216836522 115.02489684 146.962214389 160.767720242
210 2100 86.3307698532 0 0 1.13958828186 1.76915104508 21.8049031812 26.5362630649 33.2819771804 5.94986659903 98.9921983373 129.67710378 142.250736265
211 2110 75.5352189509 0 0 0.982451988303 1.51651299522 18.8006546071 22.4821422926 28.7838035719 5.18286337518 86.5189161319 111.71285476 122.962482149
212 2120 72.2507374709 0 0 0.915000578685 1.43205473958 17.9740302037 21.1588886773 27.5806736297 4.90463933 82.8571826022 104.932595646 112.733852341
213 2130 67.6755332818 0 0 0.846825801476 1.30817886693 16.7903365074 19.5463890367 25.6803115134 4.53931725805 79.0887442955 97.4899045474 103.364575248
214 2140 61.2880458367 0 0 0.769347325172 1.17493067272 14.9624633138 17.2450880732 22.8875708555 4.03082842518 70.310749328 85.2494647463 90.5291317309
215 2150 58.6702861459 0 0 0.723275899999 1.10220569166 14.3449936027 16.354156232 21.7949002313 3.81023297098 68.460658724 78.1896953599 81.875483648
216 2160 55.5331381573 0 0 0.685052904775 1.02685555773 13.6495334318 15.3365056574 20.5919251987 3.40913700463 65.5018420537 72.8392118422 77.7846483288
217 2170 50.6442602906 0 0 0.610144519057 0.913858329499 12.2466721009 13.6395255869 18.2663664126 3.03008918674 60.4903778304 64.4647267178 70.476377452
218 2180 46.0466336939 0 0 0.551017348405 0.808104558343 11.245484471 12.2819348168 16.4060154801 2.71230081372 53.7127187991 58.0532361448 62.9140764497
219 2190 45.2325543306 0 0 0.536441677079 0.791148804093 11.4428618433 12.5732589127 16.5787284546 2.66626368996 52.2103834758 55.8642484214 60.3835011978
220 2200 44.396338204 0 0 0.523519695463 0.768393076701 11.2897608814 12.5284926989 16.4135745419 2.57767039753 51.1279433904 53.5332168832 57.254030715
221 2210 44.4020080296 0 0 0.514244189085 0.74899181098 11.5179153333 12.5491043559 16.6137035514 2.56798974121 51.2210261763 52.9321076934 56.1858104653
222 2220 47.647740415 0 0 0.527396199934 0.824299061203 12.6746980321 13.6339701027 17.478989226 2.71915662374 53.2510399993 57.543111898 60.9482642949
223 2230 48.5487035188 0 0 0.524726211689 0.808869423318 13.0546265091 13.8822961755 17.5401006216 2.77600955862 53.53987084 57.8734556366 61.4845618379
224 2240 52.6579169553 0 0 0.558542278898 0.85804378995 14.2736761486 15.4436459075 18.7702551456 2.94591564362 58.1003198217 63.0298277297 66.8034363178
225 2250 51.663151262 0 0 0.536370046336 0.841236623465 14.0707059265 15.2182976665 18.3549534704 2.87555290672 55.1237352993 61.2710020428 65.3934868803
226 2260 50.2541442851 0 0 0.513183524633 0.812026517891 13.6468879035 14.2671365966 17.6086173702 2.724095413 54.3031374179 60.1616115119 62.6242114013
227 2270 51.4773433238 0 0 0.518427616069 0.819583126621 14.0051384899 14.5105449704 17.9475564655 2.71332120749 55.1406380833 63.4577695162 62.5952816503
228 2280 50.2362670541 0 0 0.501420810812 0.796842402556 13.8102772438 13.8874809955 17.2266227693 2.59424118549 53.4388818167 62.304323766 59.6370175524
229 2290 47.5548070088 0 0 0.470611686037 0.731107189748 12.9147296359 13.0496311809 16.1482515551 2.49274006439 50.098368225 58.675352356 55.6329636306
230 2300 41.5452428573 0 0 0.402426248949 0.642253399287 11.0166063647 11.3576549334 13.8458265275 2.13625821608 43.2618247427 50.4129445802 48.2413872872
231 2310 37.9644655618 0 0 0.360605892085 0.576100456827 9.92066281576 10.2026724657 12.3944092689 1.91786326943 40.1947525187 45.5334619431 44.4989282386
232 2320 36.1676082934 0 0 0.345756370478 0.53837444847 9.29129019309 9.60929744007 11.5804381987 1.81866860499 37.5215554511 42.4587539738 42.5169036122
233 2330 31.354662956 0 0 0.294119221186 0.460356139717 7.91675685714 8.33966037739 9.95744338053 1.56470442277 32.1256500168 36.5013690213 36.3750888936
234 2340 27.9194008055 0 0 0.255676883066 0.40732157311 7.04926593309 7.38924876517 8.81005720721 1.38869431998 28.6123704109 31.5749034947 31.6229792957
235 2350 27.0676051245 0 0 0.245521763736 0.385212366115 6.67508058755 6.96538318938 8.35210882152 1.33764838311 28.9018138829 30.5594980566 30.4560889185
236 2360 24.6350224567 0 0 0.221810964907 0.343519456364 6.06355322088 6.26508056756 7.50954970998 1.2342437842 25.8225337697 27.483836764 27.435853438
237 2370 24.419602101 0 0 0.219914416245 0.33688357902 5.93107299464 6.18578373869 7.23694866376 1.20381282238 25.9798274302 27.3008005487 27.5995779494
238 2380 23.4089510912 0 0 0.207021825181 0.316868625626 5.56389351267 5.86914371756 6.76515480414 1.11945801554 24.9151772245 26.0188127346 26.1771082594
239 2390 21.2171207215 0 0 0.183695949617 0.285266633655 4.98125928084 5.3012762029 6.12176403063 0.984327843139 22.3727268355 22.9862829244 23.5893226389
240 2400 19.0939246054 0 0 0.162762661377 0.25934921025 4.36847551229 4.87937210316 5.55010524616 0.885937872214 20.0612679876 20.2280083623 20.5951180347
241 2410 16.9053108839 0 0 0.138802658337 0.227775585747 3.79966455205 4.28808080896 4.70112577195 0.772874551828 17.7751868256 17.8785756499 18.1745176378
242 2420 15.7936351391 0 0 0.1299144029 0.204948411737 3.43669993746 3.98895984109 4.29619462398 0.710290408419 17.0055718146 16.7122713721 16.7390995632
243 2430 15.0572935993 0 0 0.121304234602 0.192236291978 3.18088044247 3.82889075561 4.20801493337 0.667651815695 16.0258925702 15.6573461279 15.8570673011
244 2440 15.0658368625 0 0 0.119665930406 0.19245384253 3.09436088481 3.73794081697 4.08200404455 0.658638086382 16.8097737262 15.5022100908 15.067453384
245 2450 13.5890914252 0 0 0.106624137561 0.170387229006 2.74310992874 3.28777887452 3.55716028291 0.606038030695 15.0924421031 13.9732716081 13.206082709
246 2460 13.2171224636 0 0 0.102480301564 0.162782043078 2.63077896592 3.16951991669 3.37776935863 0.57729679553 14.6612995609 14.5471047346 12.5261689065
247 2470 12.8402396774 0 0 0.0995137522321 0.156873607296 2.47877739583 3.04883755119 3.25457789592 0.54441967475 14.3592296489 14.4471164216 12.1672765427
248 2480 11.3984012152 0 0 0.0860745400909 0.13588372784 2.12736715865 2.6834507668 2.82947964219 0.477143686495 12.5125137885 12.5615407431 10.6276224459
249 2490 10.7628140187 0 0 0.0809366751999 0.128085811209 1.95830010251 2.45455309763 2.5939546603 0.445863956637 11.6188861442 11.7042809477 10.149232322
250 2500 10.3194767028 0 0 0.0772874371193 0.12133599205 1.80202332239 2.33760966799 2.45860344697 0.422685709177 11.0247461596 11.2436047221 9.37157693663
251 2510 10.0408743276 0 0 0.0741476735358 0.118081004818 1.72860197221 2.23922860237 2.33193287807 0.406156596197 10.5237637023 11.0764376289 9.0398421927
252 2520 9.53655859214 0 0 0.0683903168121 0.109579365261 1.6188844234 2.11970941846 2.15866371368 0.376484152292 10.1919906567 10.6463023894 8.46487310517
253 2530 8.64237211058 0 0 0.0610813825646 0.0987046884449 1.42003164119 1.91584937131 1.96023157785 0.338129134164 9.21873834547 9.51937280861 7.58290664833
254 2540 8.04601080233 0 0 0.0561192004362 0.0914913561506 1.3051796911 1.80989409924 1.84573059981 0.320262839835 8.67766814732 8.9857218964 6.97922395039
255 2550 7.78986591176 0 0 0.0518517903577 0.0875860220376 1.24601911689 1.80648107906 1.8251027677 0.307812161001 8.30470326164 8.81005088289 6.62577285932
256 2560 7.29012310583 0 0 0.0475161300464 0.0803041947652 1.13612765844 1.68800880607 1.71769290993 0.284712943574 7.54409874272 8.31292213395 6.17431304333
257 2570 6.69146559507 0 0 0.0431054076685 0.0734802632596 1.00888235215 1.51539063604 1.53627393394 0.25749674705 6.82235288099 7.43497722966 5.56885188828
258 2580 6.01713058613 0 0 0.0379436765987 0.0648392555424 0.899358248149 1.33342685368 1.36582355224 0.230541571684 6.00157841976 6.55494541846 4.94535971117
259 2590 5.47459644646 0 0 0.0341717435095 0.0575731567373 0.824781264694 1.20501271268 1.22672837144 0.201976860131 5.29329613798 5.93836224773 4.45605023237
260 2600 4.68191646182 0 0 0.0285748507816 0.0484453919868 0.704677037697 0.990298022391 1.03161089353 0.167261702661 4.54271935331 5.07328682092 3.76055052596
261 2610 4.13361222932 0 0 0.0255360207103 0.0424779513658 0.605265273748 0.856377166064 0.904645583995 0.146978027065 4.0012867626 4.48670821283 3.15634008694
262 2620 3.84543700509 0 0 0.0235752456336 0.0390005526211 0.57409307514 0.779580462945 0.829319861117 0.134153158407 3.6732980712 4.20596424415 2.93342595822
263 2630 3.84023570004 0 0 0.0232167257668 0.0384248078763 0.561967437297 0.774653613341 0.819094990932 0.133075500258 3.56732291441 4.16806103525 2.9265171163
264 2640 3.77628296728 0 0 0.0225078468114 0.0371969195348 0.550038045103 0.749290376575 0.805099660484 0.128155650465 3.51305785955 4.08328958645 2.83244022906
265 2650 3.26794587194 0 0 0.0194653738089 0.0320781550464 0.468711240504 0.627688429633 0.676953385415 0.108880589823 2.98299981347 3.49686342456 2.44642944657
266 2660 3.20743906062 0 0 0.0189095890115 0.0313489886824 0.474600483964 0.616315470634 0.665457722123 0.104636270415 2.86218617459 3.38917425108 2.38931267425
267 2670 3.09142281698 0 0 0.0176565261959 0.0295252765509 0.454741610564 0.580321890544 0.620429264407 0.100669552923 2.8027583946 3.22798780896 2.29369799303
268 2680 3.0622768791 0 0 0.0170937389686 0.0290117376634 0.446348073622 0.552503723436 0.601748783696 0.0980554776873 2.77992851536 3.17057439699 2.2739296071
269 2690 2.99152670077 0 0 0.0163624813756 0.0280835328625 0.427142345744 0.53859636376 0.581057081996 0.0941056851531 2.65107975739 3.08756934741 2.24179039589
270 2700 2.83767503231 0 0 0.0154675027392 0.0266135607899 0.403930214153 0.492276910879 0.538442441798 0.0869741455269 2.48346166972 2.87920151262 2.19923106156
271 2710 2.72286692121 0 0 0.0148253161882 0.0251993587529 0.379688983828 0.460855106931 0.509870851613 0.0815592732422 2.39664237474 2.72216962079 2.17743970358
272 2720 2.66502383765 0 0 0.0142480401047 0.0242847613843 0.377043546951 0.449405827124 0.489840519302 0.0788738814032 2.44293817511 2.74604469503 2.15739893072
273 2730 2.65941559065 0 0 0.0141024543923 0.0238090682431 0.374816235249 0.454213542987 0.48927031534 0.0789213071786 2.50221435369 2.7735111315 2.11467965529
274 2740 2.60063952796 0 0 0.0136165950258 0.0234235310207 0.359575308038 0.43403483816 0.470950421367 0.0770886192033 2.49041506427 2.67073925567 2.07315929824
275 2750 2.61402337042 0 0 0.0137442504602 0.0233729308154 0.360700455683 0.437598679679 0.474595972725 0.0774156458065 2.57792258479 2.66897270546 2.02563792688
276 2760 2.53341619332 0 0 0.0131182826375 0.0220782059327 0.342115717536 0.426118608695 0.45782447232 0.074002899265 2.53218945209 2.64493105742 1.97282086319
277 2770 2.18589485126 0 0 0.0110709765073 0.0184009400057 0.29386720455 0.361849928913 0.391311630899 0.0636014797244 2.17879856165 2.25764369385 1.67304185348
278 2780 1.97995245692 0 0 0.00986274490181 0.0170394506606 0.264640157001 0.321129577519 0.347280189042 0.0559751563894 1.9478750997 2.01395369956 1.46978385416
279 2790 1.77713753579 0 0 0.00879951857887 0.0151284646252 0.237620206528 0.280432287383 0.300738917448 0.0494262235871 1.72681416966 1.78501592012 1.31267767267
280 2800 1.59500785364 0 0 0.00762909280194 0.0133646884167 0.211505257749 0.250438793267 0.267631254038 0.0439911061387 1.53138504442 1.61488349843 1.17044801707
281 2810 1.53741649166 0 0 0.00715729150005 0.0127183191457 0.200717957913 0.239931649399 0.258787917226 0.0414847512984 1.47002581754 1.52992101189 1.13835714408
282 2820 1.32392632066 0 0 0.00608945257639 0.0108210840284 0.168772622016 0.208726159078 0.223273714321 0.0343094107414 1.24806705251 1.29769484589 0.981258931112
283 2830 1.21824198863 0 0 0.00566714366121 0.00986192659893 0.153014351012 0.191328432183 0.20353203705 0.0310580636699 1.15440770156 1.18797723168 0.88644469972
284 2840 1.08639473105 0 0 0.00501396637272 0.00854823066525 0.132725899214 0.170384743792 0.180722845071 0.0272334029017 1.02328324369 1.08292349518 0.79091491939
285 2850 1.06969627563 0 0 0.0047343289458 0.00833610900443 0.128712816502 0.169438381481 0.17562816082 0.0261335548927 1.00115372898 1.08953076431 0.768902720378
286 2860 1.04228250707 0 0 0.00452852790359 0.00810148254225 0.126163665175 0.159728947793 0.166250478626 0.0259705557068 0.972777935255 1.05176857481 0.743379307188
287 2870 1.07300695823 0 0 0.00458998066743 0.00842808499239 0.129003226809 0.163109302903 0.170981733681 0.0267724379676 1.00702545388 1.10558249646 0.76267392259
288 2880 1.05062736756 0 0 0.00432252205885 0.00832126110164 0.125516549327 0.161995066888 0.168520757566 0.0257616640102 1.01383921918 1.09826527151 0.744150460765
289 2890 1.03991868056 0 0 0.00422621791164 0.0081559483697 0.122662751774 0.158252287342 0.163951316818 0.0247695955587 1.07481206632 1.13347424181 0.730764426598
290 2900 1.01239382786 0 0 0.00406695710619 0.00782253650735 0.116239711064 0.152884195576 0.159804645251 0.0244389012724 1.05478512893 1.08923969776 0.723083463385
291 2910 0.928368023116 0 0 0.00371928743108 0.00707101761025 0.104093758823 0.137213104203 0.145408024173 0.0224006567233 0.962951902646 0.974688501799 0.649645184163
292 2920 0.897134165657 0 0 0.00354868767648 0.00679358860897 0.0985015656962 0.13339979834 0.139427813343 0.0222990474327 0.924623114608 0.944079108007 0.598897978716
293 2930 0.840761183345 0 0 0.00332729267814 0.00640129474983 0.0908030696398 0.124689143984 0.129405822704 0.020633612108 0.86746973738 0.879692758318 0.543083904053
294 2940 0.751887343292 0 0 0.0029311925687 0.00564504784801 0.0790142243873 0.112622630942 0.117380473274 0.0181822229721 0.751625274468 0.779990998123 0.481532611167
295 2950 0.734429041965 0 0 0.00283020148669 0.00547780052727 0.0759155379538 0.11032472021 0.116790000057 0.0172193749416 0.727809563228 0.760549598712 0.464104930288
296 2960 0.673826751199 0 0 0.00258204293546 0.0049414174723 0.0685601248435 0.0992130067416 0.106233051839 0.0152077905399 0.646587684619 0.685898634272 0.419831255078
297 2970 0.654032389562 0 0 0.00249369444817 0.0046606452107 0.0710628207768 0.100059587228 0.108469947365 0.0145301944259 0.623459661865 0.654484244322 0.401053468233
298 2980 0.658625181776 0 0 0.00246580861191 0.00458224918643 0.0720907734716 0.100521774803 0.11076860483 0.0146897768109 0.629328076587 0.654650061558 0.393727117789
299 2990 0.635670414866 0 0 0.00234153984972 0.00448414899855 0.0691312942147 0.0948113437601 0.104484271115 0.013988892064 0.600129458799 0.626842540753 0.373939816555
300 3000 0.593692139043 0 0 0.00214842845041 0.00414282589169 0.0635844277336 0.0882577703485 0.0946004729173 0.0129565614118 0.555804773405 0.576756635663 0.34681325354
301 3010 0.549036498783 0 0 0.00196541586636 0.00377662876699 0.0588201614354 0.0803000548263 0.0853358868722 0.0118884504238 0.518816475906 0.552542732425 0.323644799222
