%  columns="iteration, evaluation, min max(neg(.)) min(pos(.)) max correlation, correlation matrix principle axes lengths  (sorted square roots of eigenvalues of correlation matrix)", seed=1049903, Mon Sep 26 16:38:49 2016
0 0 0.0 0 0 0.0 1 1 1 1 1 1 1 1 1
1 10 -0.0345117872171 -0.000599827431707 0.00120540320203 0.0320337246021 1 1 1 1 1 1 1 1 1
2 20 -0.0632281680557 -0.00140086526219 0.000525365413176 0.0464052397123 1 1 1 1 1 1 1 1 1
3 30 -0.091045772295 -0.00100607993296 0.00413859462687 0.0761578587134 1 1 1 1 1 1 1 1 1
4 40 -0.105417607309 -0.00485090175224 0.000849985921134 0.0463551882964 0.934411173355 0.942642273118 0.964539589933 0.974171498641 0.992867557304 1.01205208952 1.0266912772 1.05283146767 1.08920616895
5 50 -0.0951002846027 -0.00234728308023 0.0050652581082 0.0785293478433 0.934411173355 0.942642273118 0.964539589933 0.974171498641 0.992867557304 1.01205208952 1.0266912772 1.05283146767 1.08920616895
6 60 -0.107662276394 -0.000680662262185 0.000194280936313 0.115112599515 0.906062835033 0.928906423921 0.948729396297 0.963406505863 0.992974146131 0.994918999659 1.02321573556 1.07535061553 1.1439985022
7 70 -0.13643993358 -0.000942694329422 0.00342552779891 0.105234573346 0.906062835033 0.928906423921 0.948729396297 0.963406505863 0.992974146131 0.994918999659 1.02321573556 1.07535061553 1.1439985022
8 80 -0.17698186457 -0.020308039978 0.000316182143719 0.12394318303 0.872863791889 0.911119016679 0.934659438078 0.939582880679 0.971754879516 1.00839475882 1.01543698479 1.13628530741 1.1696762706
9 90 -0.203052713969 -0.0116910548044 0.00762451501437 0.13649379602 0.872863791889 0.911119016679 0.934659438078 0.939582880679 0.971754879516 1.00839475882 1.01543698479 1.13628530741 1.1696762706
10 100 -0.178606767598 -0.00357738838791 0.00728532152979 0.12448628488 0.869065047868 0.894431322635 0.918157088216 0.926697210055 0.962789704978 0.991436297501 1.03039790709 1.1385702947 1.21448189899
11 110 -0.172457814985 -0.000482185612041 0.00935372921379 0.151525988424 0.869065047868 0.894431322635 0.918157088216 0.926697210055 0.962789704978 0.991436297501 1.03039790709 1.1385702947 1.21448189899
12 120 -0.158248982098 -0.0054602352683 0.00335633890178 0.175672213098 0.841137136109 0.883798544779 0.917705877453 0.95039251006 0.970053524932 0.97553615243 1.04208028605 1.16173512893 1.19905128812
13 130 -0.157350916152 -0.0125314017371 0.00185025450633 0.176132844312 0.841137136109 0.883798544779 0.917705877453 0.95039251006 0.970053524932 0.97553615243 1.04208028605 1.16173512893 1.19905128812
14 140 -0.157282993547 -0.000254129730542 0.0166914024776 0.209376769589 0.844365459941 0.873041468028 0.91653783216 0.941301578983 0.954206957955 0.986473887706 1.04486775867 1.1633518249 1.21242630847
15 150 -0.186406119511 -0.00932509275152 0.00716438412271 0.217887693892 0.844365459941 0.873041468028 0.91653783216 0.941301578983 0.954206957955 0.986473887706 1.04486775867 1.1633518249 1.21242630847
16 160 -0.193893108819 -0.0185075189959 0.00143807389192 0.204585850135 0.804880013196 0.878366757339 0.903973511693 0.934849689338 0.947013186669 0.966864433183 1.08177415342 1.16600780018 1.23614628401
17 170 -0.191846771084 -0.0162494430594 0.0110988398414 0.144783612023 0.804880013196 0.878366757339 0.903973511693 0.934849689338 0.947013186669 0.966864433183 1.08177415342 1.16600780018 1.23614628401
18 180 -0.235143781081 -0.0122460673938 0.000699420235807 0.151543018219 0.742028195633 0.897084889106 0.923655612522 0.94091727406 0.954732732413 0.978958915366 1.08509571676 1.16964951362 1.22097502182
19 190 -0.223787171833 -0.0209469902952 0.000278882742051 0.175459316811 0.742028195633 0.897084889106 0.923655612522 0.94091727406 0.954732732413 0.978958915366 1.08509571676 1.16964951362 1.22097502182
20 200 -0.229989596811 -0.00339206932258 0.00666382792387 0.197047754241 0.736894921693 0.876939721327 0.902108526777 0.935376786017 0.956695380176 0.990203451362 1.10517303922 1.16500100852 1.23483980808
21 210 -0.217045099418 -0.0137174401974 0.00148335977056 0.183682258657 0.736894921693 0.876939721327 0.902108526777 0.935376786017 0.956695380176 0.990203451362 1.10517303922 1.16500100852 1.23483980808
22 220 -0.221148373155 -0.0110725058606 0.0133586996206 0.169522427891 0.734910661581 0.879200522092 0.899545087447 0.962761003021 0.974909205069 1.00285929703 1.10083280806 1.14454622992 1.21360165486
23 230 -0.243738642781 -0.0010640861594 0.00132195731135 0.146255388971 0.734910661581 0.879200522092 0.899545087447 0.962761003021 0.974909205069 1.00285929703 1.10083280806 1.14454622992 1.21360165486
24 240 -0.260052708665 -0.00351196970919 0.00852928927914 0.173974448565 0.714780652843 0.880963432384 0.931213004099 0.953403569927 0.984334447871 1.02262738568 1.05755004139 1.13155158988 1.23424221981
25 250 -0.266742231314 -0.00376328852247 0.000329306418108 0.167292528609 0.714780652843 0.880963432384 0.931213004099 0.953403569927 0.984334447871 1.02262738568 1.05755004139 1.13155158988 1.23424221981
26 260 -0.268587756096 -0.00131793906456 0.0124123021049 0.171335787274 0.687317864111 0.891013581084 0.931249653178 0.9468790664 0.992413154005 1.03594063951 1.06249434006 1.12721637164 1.22976226202
27 270 -0.232831952917 -0.00217112297744 0.0132471967948 0.143156921805 0.687317864111 0.891013581084 0.931249653178 0.9468790664 0.992413154005 1.03594063951 1.06249434006 1.12721637164 1.22976226202
28 280 -0.223100365866 -0.0260919012376 0.00423576870634 0.139408319996 0.681562267619 0.884996836444 0.921317918506 0.950786591449 0.994150208734 1.06281258701 1.09142288859 1.09908841987 1.21750856931
29 290 -0.241884570112 -0.00455067430225 0.000416678886313 0.166190988889 0.681562267619 0.884996836444 0.921317918506 0.950786591449 0.994150208734 1.06281258701 1.09142288859 1.09908841987 1.21750856931
30 300 -0.253489228923 -0.00257372699042 0.00896899214512 0.149848597922 0.679956608959 0.876525164007 0.916117196786 0.953228155907 0.991049138197 1.06188135411 1.09094493026 1.10977840671 1.2206181442
31 310 -0.23478798296 -0.00176398313074 0.000215645313244 0.161846737803 0.679956608959 0.876525164007 0.916117196786 0.953228155907 0.991049138197 1.06188135411 1.09094493026 1.10977840671 1.2206181442
32 320 -0.243482650025 -0.00729307619333 0.00235403461897 0.131295246401 0.695806470565 0.880518655282 0.922251447428 0.944693602318 0.978995702472 1.06057363512 1.08767722939 1.11902774258 1.2161548642
33 330 -0.286856009128 -0.00421735682423 0.000323546740071 0.147495617214 0.695806470565 0.880518655282 0.922251447428 0.944693602318 0.978995702472 1.06057363512 1.08767722939 1.11902774258 1.2161548642
34 340 -0.279960085441 -0.00349456387803 0.0126295695654 0.153044824665 0.709176001422 0.852626640452 0.906735740196 0.93231181748 0.995621837144 1.04082991955 1.06969041785 1.12623524734 1.26154230885
35 350 -0.29286986572 -0.00699644947847 0.00414649973568 0.149617719966 0.709176001422 0.852626640452 0.906735740196 0.93231181748 0.995621837144 1.04082991955 1.06969041785 1.12623524734 1.26154230885
36 360 -0.284879819604 -0.00376573873703 0.0112478765743 0.152090459441 0.717619378728 0.855621782 0.891678362055 0.927879540895 0.976743380343 1.05828057232 1.06853359148 1.12848906002 1.26792983014
37 370 -0.28567229783 -0.0174186950816 4.71273749028e-05 0.143314253879 0.717619378728 0.855621782 0.891678362055 0.927879540895 0.976743380343 1.05828057232 1.06853359148 1.12848906002 1.26792983014
38 380 -0.306168287566 -0.00846336584809 0.00631993565612 0.152947879622 0.733573992663 0.871086727993 0.883507235235 0.922511311262 1.01551789806 1.03991081221 1.06604350639 1.10872450447 1.262162855
39 390 -0.354913795594 -0.00683575362108 0.00401229389263 0.162217832816 0.733573992663 0.871086727993 0.883507235235 0.922511311262 1.01551789806 1.03991081221 1.06604350639 1.10872450447 1.262162855
40 400 -0.347942319672 -0.00894633897642 0.00681026128135 0.176424993431 0.710656191371 0.842681589528 0.875691188225 0.889224367491 1.00543988856 1.02493264648 1.09997771606 1.16138233612 1.26773194234
41 410 -0.342155284887 -0.00561529507383 0.00939016976986 0.180299405863 0.710656191371 0.842681589528 0.875691188225 0.889224367491 1.00543988856 1.02493264648 1.09997771606 1.16138233612 1.26773194234
42 420 -0.334586941017 -0.0111756526339 0.0128727188403 0.170125601725 0.692393557383 0.853175630008 0.87620190479 0.879004343002 0.995767984359 1.02088313145 1.07850180827 1.19760724483 1.27323155123
43 430 -0.369431395719 -0.0197812876178 0.00226191782889 0.157437064583 0.692393557383 0.853175630008 0.87620190479 0.879004343002 0.995767984359 1.02088313145 1.07850180827 1.19760724483 1.27323155123
44 440 -0.39770564646 -0.0143879203957 0.00531682629374 0.181556603953 0.659745721921 0.820007023803 0.836895456725 0.881050393736 0.993712633306 1.05970964461 1.07559063199 1.1989433002 1.3080025567
45 450 -0.421141279446 -0.0173125050189 0.0110214013343 0.235084280574 0.659745721921 0.820007023803 0.836895456725 0.881050393736 0.993712633306 1.05970964461 1.07559063199 1.1989433002 1.3080025567
46 460 -0.445519573484 -0.0188117738122 0.00356068116622 0.272572898969 0.630118784909 0.807753541609 0.837699550386 0.875897090773 0.970018880543 1.02138068722 1.0672784009 1.22717528417 1.36101094142
47 470 -0.452861371151 -0.0253383441661 0.00985086608714 0.288307949855 0.630118784909 0.807753541609 0.837699550386 0.875897090773 0.970018880543 1.02138068722 1.0672784009 1.22717528417 1.36101094142
48 480 -0.456415287386 -0.0248173548519 0.0112259706129 0.306084133776 0.615968235185 0.79879404813 0.844103875867 0.849625574211 0.964251793441 1.00891792754 1.09564955941 1.26067495648 1.34561882556
49 490 -0.453448751997 -0.00574065393361 0.00900686001772 0.296576786545 0.615968235185 0.79879404813 0.844103875867 0.849625574211 0.964251793441 1.00891792754 1.09564955941 1.26067495648 1.34561882556
50 500 -0.469586909821 -0.0188447081142 0.0049535547695 0.268462814779 0.613496528214 0.79990604986 0.853239879928 0.887185288858 0.950238481429 0.99385024453 1.10771170816 1.24465561868 1.34230099983
51 510 -0.486303165061 -0.0154298598644 0.00536358433143 0.242999197161 0.613496528214 0.79990604986 0.853239879928 0.887185288858 0.950238481429 0.99385024453 1.10771170816 1.24465561868 1.34230099983
52 520 -0.503095539643 -0.000559965157512 0.0225244233617 0.242966005079 0.594570615191 0.802606090898 0.849012736956 0.89776015141 0.96348856806 0.994541259503 1.09514757691 1.2379393693 1.35138769216
53 530 -0.518306512165 -0.00141557589953 0.031317495942 0.246478188113 0.594570615191 0.802606090898 0.849012736956 0.89776015141 0.96348856806 0.994541259503 1.09514757691 1.2379393693 1.35138769216
54 540 -0.549952024043 -0.000758333409789 0.0110565316752 0.243590030656 0.583150611442 0.779623534533 0.860751130563 0.899966646839 0.966050896387 0.994574548395 1.07294630977 1.20965659918 1.40156137799
55 550 -0.570303492259 -0.00827878648173 0.00796408394611 0.274849355567 0.583150611442 0.779623534533 0.860751130563 0.899966646839 0.966050896387 0.994574548395 1.07294630977 1.20965659918 1.40156137799
56 560 -0.589194523014 -0.00416841175168 0.00445210956487 0.309320447774 0.5449091905 0.765585644211 0.820315307667 0.884193102336 0.974816167973 1.00721708662 1.07827805091 1.19640846821 1.45031319048
57 570 -0.609682821965 -0.00169451177047 0.000266207191238 0.318330890463 0.5449091905 0.765585644211 0.820315307667 0.884193102336 0.974816167973 1.00721708662 1.07827805091 1.19640846821 1.45031319048
58 580 -0.610042543239 -0.00695389500456 0.00281057634327 0.282769012611 0.533653976166 0.773239554946 0.824403428644 0.895353991737 0.947805510209 0.974918401571 1.11588499059 1.20334656239 1.44705590921
59 590 -0.622756826005 -0.00417707678642 0.0356035339782 0.264216522908 0.533653976166 0.773239554946 0.824403428644 0.895353991737 0.947805510209 0.974918401571 1.11588499059 1.20334656239 1.44705590921
60 600 -0.634922648397 -0.00418982202456 0.00928572665418 0.358503221629 0.52140540991 0.735439482352 0.793033786139 0.88313324282 0.951060817397 0.965272759606 1.1346180431 1.25184140035 1.44488929735
61 610 -0.634605363311 -0.0138074443041 0.0196804245792 0.349386364773 0.52140540991 0.735439482352 0.793033786139 0.88313324282 0.951060817397 0.965272759606 1.1346180431 1.25184140035 1.44488929735
62 620 -0.631952477931 -0.00719066007415 0.0211109693928 0.345144362748 0.533032562416 0.743056431734 0.771102031686 0.905336769643 0.930181033249 0.977889802627 1.13238040265 1.24697781157 1.44594818626
63 630 -0.622523653121 -0.00395913987777 0.00159316792724 0.347364768393 0.533032562416 0.743056431734 0.771102031686 0.905336769643 0.930181033249 0.977889802627 1.13238040265 1.24697781157 1.44594818626
64 640 -0.631017231466 -0.0321924961576 0.000753345284977 0.339282336027 0.546451146531 0.731001116683 0.750946826921 0.888015241261 0.936574603024 0.984084695622 1.16186382082 1.22708605809 1.45371039035
65 650 -0.632373600202 -0.0166548189159 0.00523928153999 0.336100287223 0.546451146531 0.731001116683 0.750946826921 0.888015241261 0.936574603024 0.984084695622 1.16186382082 1.22708605809 1.45371039035
66 660 -0.620499668085 -0.00633545433751 0.0184502581862 0.324180850194 0.559280959261 0.730917540516 0.774897242713 0.8860681486 0.921849692176 0.99510692579 1.15933659967 1.21550871871 1.45114245046
67 670 -0.618839386632 -0.000553980128586 0.000411092371925 0.295655319429 0.559280959261 0.730917540516 0.774897242713 0.8860681486 0.921849692176 0.99510692579 1.15933659967 1.21550871871 1.45114245046
68 680 -0.615462919907 -0.00511176937961 0.00432362277334 0.277052756214 0.560836827398 0.728654309434 0.802432201672 0.863422468345 0.938237588067 1.02144102737 1.14712053817 1.21370335812 1.43266752549
69 690 -0.656079285591 -0.00555455494588 0.00624756915219 0.336505123579 0.560836827398 0.728654309434 0.802432201672 0.863422468345 0.938237588067 1.02144102737 1.14712053817 1.21370335812 1.43266752549
70 700 -0.691858806257 -0.0187097040398 0.00221791946563 0.409134114286 0.506751880857 0.711726273445 0.763981888245 0.884711266642 0.926522204038 1.02326322615 1.12567705321 1.15373330088 1.5383450555
71 710 -0.696044943328 -0.0112494529329 0.00673235637549 0.435114145472 0.506751880857 0.711726273445 0.763981888245 0.884711266642 0.926522204038 1.02326322615 1.12567705321 1.15373330088 1.5383450555
72 720 -0.683165045189 -0.0103388725217 0.0010074317152 0.408881386807 0.517368734064 0.709642933796 0.759598316818 0.90150949482 0.936673611182 0.991898226634 1.1233047005 1.1591435093 1.54025350386
73 730 -0.635210020192 -0.0411221441231 0.0123081619614 0.416672722921 0.517368734064 0.709642933796 0.759598316818 0.90150949482 0.936673611182 0.991898226634 1.1233047005 1.1591435093 1.54025350386
74 740 -0.629928983977 -0.000929042120299 0.00520634920205 0.403423300018 0.553828557435 0.751463040727 0.761906336123 0.890775826295 0.955273025318 0.964210839357 1.10569115827 1.18279107307 1.5135381178
75 750 -0.612051172714 -0.0282979826654 0.00800071361353 0.437148648966 0.553828557435 0.751463040727 0.761906336123 0.890775826295 0.955273025318 0.964210839357 1.10569115827 1.18279107307 1.5135381178
76 760 -0.608254835044 -0.0067829642162 0.00298073277396 0.445866594153 0.575902140486 0.696450245511 0.756146695363 0.881373597892 0.949483812536 0.978972575685 1.08332151857 1.19743192487 1.53862958331
77 770 -0.634607567429 -0.0114720928476 0.056597135964 0.43761295373 0.575902140486 0.696450245511 0.756146695363 0.881373597892 0.949483812536 0.978972575685 1.08332151857 1.19743192487 1.53862958331
78 780 -0.621229902528 -0.0114588834294 0.0491118460552 0.446184319255 0.561212253898 0.691811311405 0.764315776154 0.879899227244 0.947545563987 0.968341410216 1.08347926413 1.23133793948 1.52393849618
79 790 -0.620067676672 -0.0280634933178 0.00538173675851 0.457573477956 0.561212253898 0.691811311405 0.764315776154 0.879899227244 0.947545563987 0.968341410216 1.08347926413 1.23133793948 1.52393849618
80 800 -0.651666034937 -0.0249085663185 0.0334890475973 0.474868718526 0.545454748607 0.670542248705 0.812870065801 0.874882714747 0.963796598602 0.987415860909 1.05240021727 1.2088312274 1.53426255315
81 810 -0.642078036451 -0.0356599815143 0.0263579202093 0.478290036859 0.545454748607 0.670542248705 0.812870065801 0.874882714747 0.963796598602 0.987415860909 1.05240021727 1.2088312274 1.53426255315
82 820 -0.636084986042 -0.00784348079084 0.0155834337979 0.474300045021 0.548980489408 0.69064912425 0.819556564061 0.872536885665 0.964384714423 0.974617528257 1.04848209684 1.21606821227 1.52662268514
83 830 -0.638686258037 -0.0330941716784 0.00702378176304 0.464131897816 0.548980489408 0.69064912425 0.819556564061 0.872536885665 0.964384714423 0.974617528257 1.04848209684 1.21606821227 1.52662268514
84 840 -0.657740062528 -0.0047211251974 0.024102477113 0.465723829393 0.52750495837 0.692475074872 0.813204641042 0.888288426407 0.977374673293 0.985153980767 1.02263725128 1.19177510747 1.54917855672
85 850 -0.650943852556 -0.0049146886385 0.00803373048684 0.472822021284 0.52750495837 0.692475074872 0.813204641042 0.888288426407 0.977374673293 0.985153980767 1.02263725128 1.19177510747 1.54917855672
86 860 -0.656967440582 -0.010090300805 0.00383271092147 0.432670291654 0.529056308618 0.709259618938 0.811277803217 0.896584385178 0.973520209611 1.00550517474 1.02036935338 1.19256865146 1.52737000128
87 870 -0.654929138841 -0.00948825756625 0.0158284319477 0.433524349744 0.529056308618 0.709259618938 0.811277803217 0.896584385178 0.973520209611 1.00550517474 1.02036935338 1.19256865146 1.52737000128
88 880 -0.65657730771 -0.00337004330624 0.00639426161529 0.429932970635 0.525095104863 0.736460295492 0.791606434849 0.895876117843 0.954064450738 0.984076413304 1.03091936601 1.21592073745 1.52733861846
89 890 -0.65129759807 -0.00891982537284 0.00995409204751 0.425204501302 0.525095104863 0.736460295492 0.791606434849 0.895876117843 0.954064450738 0.984076413304 1.03091936601 1.21592073745 1.52733861846
90 900 -0.637932179778 -0.00637156612445 0.00955899452855 0.416022356015 0.538765409851 0.744917542992 0.807843860248 0.928130659347 0.932913010478 0.997863947977 1.02293488635 1.18740803143 1.52262887971
91 910 -0.646764951156 -0.013029530451 0.00514300152023 0.410770042585 0.538765409851 0.744917542992 0.807843860248 0.928130659347 0.932913010478 0.997863947977 1.02293488635 1.18740803143 1.52262887971
92 920 -0.664179542463 -0.0324741058878 0.00132058398509 0.43116862979 0.522621767134 0.717861314021 0.795119979718 0.916112093686 0.97057732309 1.01332115372 1.05114914129 1.15387206942 1.52803439146
93 930 -0.656195238191 -0.00873805476951 0.00621017492265 0.401774574011 0.522621767134 0.717861314021 0.795119979718 0.916112093686 0.97057732309 1.01332115372 1.05114914129 1.15387206942 1.52803439146
94 940 -0.657651177382 -0.0115855022817 0.0215313757468 0.382968915822 0.51482742112 0.735820030143 0.802230534188 0.898782952636 0.956540226468 1.02083420638 1.08121680237 1.1533430838 1.51189789976
95 950 -0.654953170834 -0.0304949126463 3.30324818056e-05 0.381518855481 0.51482742112 0.735820030143 0.802230534188 0.898782952636 0.956540226468 1.02083420638 1.08121680237 1.1533430838 1.51189789976
96 960 -0.654659809513 -0.00580436640388 0.00806432573737 0.391955052179 0.518345982301 0.735403739157 0.793412575804 0.895009866981 0.9499335907 1.02602080285 1.08153844672 1.15899217473 1.51389293485
97 970 -0.658555348212 -0.0256270572632 0.00429477378897 0.374722434173 0.518345982301 0.735403739157 0.793412575804 0.895009866981 0.9499335907 1.02602080285 1.08153844672 1.15899217473 1.51389293485
98 980 -0.64290275353 -0.00210812321805 0.0203807817591 0.381544581017 0.534645004579 0.750859802108 0.761014738367 0.893364302059 0.952091323486 1.03960047209 1.08069563987 1.15035218108 1.51481379453
99 990 -0.646702108283 -0.00599942836045 0.0065767237363 0.373062944273 0.534645004579 0.750859802108 0.761014738367 0.893364302059 0.952091323486 1.03960047209 1.08069563987 1.15035218108 1.51481379453
100 1000 -0.657713429024 -0.016544460176 0.00272939080112 0.388453820422 0.540484520816 0.748047956437 0.776523701936 0.895650385479 0.978159166883 1.02871878768 1.06607556133 1.12736004466 1.52335373185
101 1010 -0.671182525435 -0.000116347871052 0.0164716961426 0.375175880219 0.540484520816 0.748047956437 0.776523701936 0.895650385479 0.978159166883 1.02871878768 1.06607556133 1.12736004466 1.52335373185
102 1020 -0.669782905128 -0.00102117494069 0.00732655169857 0.385323528337 0.528432279752 0.770783516877 0.784197175982 0.897814009979 0.967510117851 1.02726767192 1.06847283115 1.13171242155 1.51388737844
103 1030 -0.687930893788 -0.00110493057845 0.00361900665163 0.387089255457 0.528432279752 0.770783516877 0.784197175982 0.897814009979 0.967510117851 1.02726767192 1.06847283115 1.13171242155 1.51388737844
104 1040 -0.657013066289 -0.00137002896616 0.021279002055 0.365038705281 0.553447207469 0.739654332281 0.802549877405 0.904659294374 0.997823491752 1.00334115757 1.06080999024 1.12095904381 1.51654235029
105 1050 -0.674111728209 -0.00475616012721 0.00250547418885 0.384966695317 0.553447207469 0.739654332281 0.802549877405 0.904659294374 0.997823491752 1.00334115757 1.06080999024 1.12095904381 1.51654235029
106 1060 -0.704762228387 -0.00120702434341 0.00176168570334 0.402851956182 0.51822006077 0.716936671801 0.805382122271 0.889392759619 0.978267108282 1.00198193294 1.04572005142 1.1604366478 1.54164586236
107 1070 -0.708022134099 -0.0102063614663 0.00443641994394 0.412810042409 0.51822006077 0.716936671801 0.805382122271 0.889392759619 0.978267108282 1.00198193294 1.04572005142 1.1604366478 1.54164586236
108 1080 -0.721017179511 -0.00417555528445 0.018098525333 0.424619415098 0.504269712113 0.672917265601 0.77996132598 0.885155108717 0.981922817721 1.00281717227 1.04272792597 1.16578840925 1.57635539486
109 1090 -0.712542864794 -0.00163780870378 0.00209729485903 0.449723458933 0.504269712113 0.672917265601 0.77996132598 0.885155108717 0.981922817721 1.00281717227 1.04272792597 1.16578840925 1.57635539486
110 1100 -0.726392275348 -0.00598419052524 0.0257064481759 0.453120925363 0.501467995438 0.670390825046 0.761436432109 0.89872790598 0.985018535546 0.999037832587 1.05270204123 1.1878952973 1.55691803601
111 1110 -0.718789190907 -0.00155398283783 0.00180733976966 0.414404444501 0.501467995438 0.670390825046 0.761436432109 0.89872790598 0.985018535546 0.999037832587 1.05270204123 1.1878952973 1.55691803601
112 1120 -0.732017701642 -0.017946795977 0.000287781462742 0.412833776294 0.491396870855 0.631734839549 0.763280228324 0.870260812474 0.992979541035 1.0056650468 1.04237262741 1.22237175497 1.56249341187
113 1130 -0.743019683526 -0.00221030888902 0.00945625954536 0.387893597627 0.491396870855 0.631734839549 0.763280228324 0.870260812474 0.992979541035 1.0056650468 1.04237262741 1.22237175497 1.56249341187
114 1140 -0.743303135271 -0.00719652000269 0.00601096635509 0.400350643785 0.475604377848 0.644815411238 0.764061948285 0.874524545925 0.996883104534 1.02570217088 1.05101561706 1.17630495023 1.57329644005
115 1150 -0.748332710356 -0.00229043375483 0.00354113895544 0.391058403444 0.475604377848 0.644815411238 0.764061948285 0.874524545925 0.996883104534 1.02570217088 1.05101561706 1.17630495023 1.57329644005
116 1160 -0.753242367541 -0.00660932909652 0.00223238736621 0.396945976159 0.469072054605 0.609027350966 0.749785673117 0.850872212612 0.985741121882 1.05321734285 1.07014104825 1.1952710092 1.57100860479
117 1170 -0.746801029827 -4.61663771203e-05 0.00736200964685 0.399635050458 0.469072054605 0.609027350966 0.749785673117 0.850872212612 0.985741121882 1.05321734285 1.07014104825 1.1952710092 1.57100860479
118 1180 -0.742949651055 -0.000715253300221 0.0343743214454 0.424778445151 0.478698379915 0.547916871749 0.755075603602 0.845760891615 0.990151840302 1.06109055871 1.06413865095 1.16765598054 1.60718975601
119 1190 -0.730421220379 -0.00296155445198 0.00387628226234 0.445379123189 0.478698379915 0.547916871749 0.755075603602 0.845760891615 0.990151840302 1.06109055871 1.06413865095 1.16765598054 1.60718975601
120 1200 -0.735409385178 -0.00687832528533 0.00619405853829 0.479627937097 0.471349634104 0.524345213719 0.758552831486 0.853829205176 0.98257623501 1.04972959742 1.07630547647 1.13695204492 1.63706542114
121 1210 -0.728202030203 -0.0143225963337 0.00145962193727 0.477890504104 0.471349634104 0.524345213719 0.758552831486 0.853829205176 0.98257623501 1.04972959742 1.07630547647 1.13695204492 1.63706542114
122 1220 -0.734476690913 -0.0193505355951 0.000162929073764 0.502365266705 0.476487437418 0.535058798628 0.771293603887 0.84157047267 0.977897622864 1.03567231379 1.07033135927 1.13951424628 1.64637003182
123 1230 -0.736412150226 -0.000874501145733 0.0119695782189 0.517546098767 0.476487437418 0.535058798628 0.771293603887 0.84157047267 0.977897622864 1.03567231379 1.07033135927 1.13951424628 1.64637003182
124 1240 -0.743269124992 -0.00632473111943 0.00930411331898 0.525050415325 0.453953367045 0.528389289913 0.758757765989 0.843622530652 0.96858322556 1.0066149072 1.06179395378 1.1771555443 1.66216430151
125 1250 -0.7539014112 -0.0473120417951 0.000580470522484 0.538300054672 0.453953367045 0.528389289913 0.758757765989 0.843622530652 0.96858322556 1.0066149072 1.06179395378 1.1771555443 1.66216430151
126 1260 -0.743959148673 -0.00425512087337 0.0142698702817 0.514666754869 0.453189310056 0.536928342851 0.750428792743 0.851850177889 0.949420157718 0.995580074152 1.06449863877 1.18690556224 1.66824902811
127 1270 -0.754878607388 -0.0101914137861 0.00888051513131 0.50760712476 0.453189310056 0.536928342851 0.750428792743 0.851850177889 0.949420157718 0.995580074152 1.06449863877 1.18690556224 1.66824902811
128 1280 -0.751870396613 -0.031205508185 0.0153334597551 0.495777244891 0.434786600761 0.515998156625 0.738256711593 0.858297323124 0.976916628503 1.00052456332 1.0600922413 1.18586250261 1.66659182497
129 1290 -0.768365277805 -0.00626255148769 0.01411032061 0.53099094889 0.434786600761 0.515998156625 0.738256711593 0.858297323124 0.976916628503 1.00052456332 1.0600922413 1.18586250261 1.66659182497
130 1300 -0.781295590776 -0.0186460396073 0.00338004728044 0.551764841267 0.391078475802 0.466083304714 0.708718407456 0.835140861132 0.969601200712 0.983786359115 1.01385941822 1.16364388676 1.77204453553
131 1310 -0.780530004419 -0.0172370581835 0.0050522863124 0.579621846309 0.391078475802 0.466083304714 0.708718407456 0.835140861132 0.969601200712 0.983786359115 1.01385941822 1.16364388676 1.77204453553
132 1320 -0.783587366353 -0.00349133061733 0.0197855269342 0.595797647284 0.394319279554 0.458676831451 0.670615178203 0.790383324725 0.945497208245 0.962159581949 1.01647313425 1.18510224207 1.81722215595
133 1330 -0.788025442347 -0.0179661369252 0.0271396562668 0.609576482961 0.394319279554 0.458676831451 0.670615178203 0.790383324725 0.945497208245 0.962159581949 1.01647313425 1.18510224207 1.81722215595
134 1340 -0.794598524166 -0.0195982098172 0.020233067177 0.607312696194 0.389885921837 0.453999339054 0.665183311969 0.809344870936 0.941627158454 0.974954152842 1.00728777709 1.19411029412 1.80738491843
135 1350 -0.788624312165 -0.0134524164562 0.00759950740379 0.617291465311 0.389885921837 0.453999339054 0.665183311969 0.809344870936 0.941627158454 0.974954152842 1.00728777709 1.19411029412 1.80738491843
136 1360 -0.793950909384 -0.0230482504575 0.00460271028919 0.610627609833 0.382526833827 0.454134396383 0.666038413608 0.79626144674 0.945798812308 0.959320957847 1.01187029402 1.19187650021 1.81948139156
137 1370 -0.793594808677 -0.01310411899 0.0221576411929 0.623373874371 0.382526833827 0.454134396383 0.666038413608 0.79626144674 0.945798812308 0.959320957847 1.01187029402 1.19187650021 1.81948139156
138 1380 -0.7968772726 -0.0169777305418 0.0175199674333 0.620531527668 0.363583781122 0.468808038 0.669684213475 0.831019389724 0.958201084685 0.976004434223 1.01030494824 1.18396810528 1.79324430814
139 1390 -0.814658230663 -0.0103974854759 0.0116232168191 0.583519230213 0.363583781122 0.468808038 0.669684213475 0.831019389724 0.958201084685 0.976004434223 1.01030494824 1.18396810528 1.79324430814
140 1400 -0.810618013102 -0.0378023732615 0.00195790398808 0.583565276207 0.366250997215 0.464395710105 0.695054968855 0.825493299103 0.921012432716 0.972326815008 1.01745176292 1.20939545559 1.78721219798
141 1410 -0.821841726646 -0.00571437832796 0.0175430036333 0.598094635636 0.366250997215 0.464395710105 0.695054968855 0.825493299103 0.921012432716 0.972326815008 1.01745176292 1.20939545559 1.78721219798
142 1420 -0.823044375732 -0.0110375539606 0.00480769232815 0.582117566179 0.371726101953 0.464742259116 0.678418264784 0.82010454946 0.940397745473 0.990449211847 1.01642674816 1.20124080789 1.78089054965
143 1430 -0.831632747256 -0.0124000520244 0.00722527314651 0.547293482941 0.371726101953 0.464742259116 0.678418264784 0.82010454946 0.940397745473 0.990449211847 1.01642674816 1.20124080789 1.78089054965
144 1440 -0.841415106335 -0.0184165724351 0.00594047601815 0.545049682285 0.344509328065 0.460063455341 0.64796431477 0.784338705901 0.947158690852 0.979131295412 1.03726666346 1.25705927369 1.76711124527
145 1450 -0.841724540176 -0.0308169334721 0.00627220101507 0.546292228683 0.344509328065 0.460063455341 0.64796431477 0.784338705901 0.947158690852 0.979131295412 1.03726666346 1.25705927369 1.76711124527
146 1460 -0.850435771912 -0.00870883390446 0.000781558572171 0.534089449609 0.335227645952 0.44406449147 0.642987019676 0.783212882953 0.954110724058 0.981682736954 1.04941942012 1.25251720764 1.76620091744
147 1470 -0.855822557291 -0.0215103250044 0.0209937731885 0.535614148008 0.335227645952 0.44406449147 0.642987019676 0.783212882953 0.954110724058 0.981682736954 1.04941942012 1.25251720764 1.76620091744
148 1480 -0.86197513869 -0.0101314344284 0.0286972208615 0.538889986485 0.339474369158 0.421853630025 0.657833782703 0.78160085871 0.950293226026 0.997372821839 1.0550775947 1.2472910611 1.75966417149
149 1490 -0.859402254157 -0.00359900469606 0.0256029459191 0.55201112576 0.339474369158 0.421853630025 0.657833782703 0.78160085871 0.950293226026 0.997372821839 1.0550775947 1.2472910611 1.75966417149
150 1500 -0.86413215782 -0.0105350112562 0.019792227094 0.558471668481 0.337143490337 0.420579539631 0.62482211322 0.7713555973 0.942606605748 0.976890465132 1.06248828899 1.23224613372 1.79831056682
151 1510 -0.866674227334 -0.00717160456487 0.0152222497746 0.546289626289 0.337143490337 0.420579539631 0.62482211322 0.7713555973 0.942606605748 0.976890465132 1.06248828899 1.23224613372 1.79831056682
152 1520 -0.867086463873 -0.0257829171152 0.00252968552303 0.554261719141 0.334130805078 0.423867346812 0.633621713028 0.750895396475 0.923002424043 0.968897441334 1.04998807426 1.27472896128 1.7959031428
153 1530 -0.85989718033 -0.0172632221795 0.0072052956554 0.546339776563 0.334130805078 0.423867346812 0.633621713028 0.750895396475 0.923002424043 0.968897441334 1.04998807426 1.27472896128 1.7959031428
154 1540 -0.859436334216 -0.0046932133169 0.0226250896087 0.567940823114 0.328208620592 0.448955835743 0.614409901568 0.78322277306 0.912194375201 0.98877417956 1.03406758818 1.26309875787 1.79591010748
155 1550 -0.860091628994 -0.0141233618599 0.00797851363234 0.536435058023 0.328208620592 0.448955835743 0.614409901568 0.78322277306 0.912194375201 0.98877417956 1.03406758818 1.26309875787 1.79591010748
156 1560 -0.863435618473 -0.00166256185664 0.0194370788271 0.531167895139 0.321542446426 0.458383584274 0.606085615584 0.794268597574 0.937770139996 0.991975208846 1.02450599667 1.30338405668 1.7539790134
157 1570 -0.864334875087 -0.00472964531369 0.00078559533244 0.514065617767 0.321542446426 0.458383584274 0.606085615584 0.794268597574 0.937770139996 0.991975208846 1.02450599667 1.30338405668 1.7539790134
158 1580 -0.856491299496 -0.00754509679822 0.00555513495457 0.495599315527 0.334158602054 0.452051516822 0.61150475225 0.817392328831 0.96383746349 1.00110478632 1.01786854122 1.31982937968 1.71251854462
159 1590 -0.863573512669 -0.00109986013797 0.000357237502326 0.528248673908 0.334158602054 0.452051516822 0.61150475225 0.817392328831 0.96383746349 1.00110478632 1.01786854122 1.31982937968 1.71251854462
160 1600 -0.850674285326 -0.00719047017033 0.00845595946485 0.590257176836 0.315325308316 0.412051831002 0.571880179799 0.80723683985 0.956648648606 0.989890645962 1.0154622115 1.37710799998 1.7115650465
161 1610 -0.847820645556 -0.00685915959515 0.0109850111006 0.60720308398 0.315325308316 0.412051831002 0.571880179799 0.80723683985 0.956648648606 0.989890645962 1.0154622115 1.37710799998 1.7115650465
162 1620 -0.848275157061 -0.0044417556876 0.0102511393738 0.608942931779 0.298130788617 0.394696864321 0.595338037261 0.813423032326 0.927771465896 0.983703437239 1.02371838744 1.36732696576 1.73009632582
163 1630 -0.870042910894 -0.00901646657401 0.0171281371055 0.642892394537 0.298130788617 0.394696864321 0.595338037261 0.813423032326 0.927771465896 0.983703437239 1.02371838744 1.36732696576 1.73009632582
164 1640 -0.885776282888 -0.000991146410455 0.015916514949 0.694950871471 0.264088732026 0.371728091495 0.54020122975 0.825797646304 0.88705152033 0.985561849261 1.01469949028 1.33890459163 1.79940076882
165 1650 -0.891355924885 -0.0083698826241 0.00406951512519 0.721955368821 0.264088732026 0.371728091495 0.54020122975 0.825797646304 0.88705152033 0.985561849261 1.01469949028 1.33890459163 1.79940076882
166 1660 -0.895650196058 -0.0125296493256 0.000329197812053 0.732301240405 0.255023867352 0.377419105754 0.513156070874 0.850618149305 0.872444777281 0.973217660639 1.03572825392 1.30483597836 1.82263402962
167 1670 -0.905274328635 -0.00504098624573 0.0147409592195 0.754394916927 0.255023867352 0.377419105754 0.513156070874 0.850618149305 0.872444777281 0.973217660639 1.03572825392 1.30483597836 1.82263402962
168 1680 -0.905362502758 -0.0186094754188 0.00498032935449 0.734435564503 0.240220573728 0.379475574926 0.501689884996 0.810374698519 0.864786185659 0.967401535789 1.03498634477 1.28371495389 1.86736466076
169 1690 -0.905490284294 -0.0304651550445 0.0182582148643 0.739841323399 0.240220573728 0.379475574926 0.501689884996 0.810374698519 0.864786185659 0.967401535789 1.03498634477 1.28371495389 1.86736466076
170 1700 -0.911569764356 -0.016734392414 0.00154221650416 0.751034781381 0.237401504609 0.373959112943 0.498741683083 0.814096265529 0.86115402226 0.98364704248 1.02659487449 1.30577001513 1.85046453316
171 1710 -0.921096068676 -0.00159344971507 0.0134153266523 0.768217988356 0.237401504609 0.373959112943 0.498741683083 0.814096265529 0.86115402226 0.98364704248 1.02659487449 1.30577001513 1.85046453316
172 1720 -0.920535491069 -0.00722142232308 0.000936927510223 0.766519742984 0.234806189601 0.357832998174 0.485598745552 0.796097135331 0.885001229588 0.971778700635 1.03749996063 1.30098645985 1.857603793
173 1730 -0.917195683592 -0.0077730183368 0.000614153196952 0.772257059763 0.234806189601 0.357832998174 0.485598745552 0.796097135331 0.885001229588 0.971778700635 1.03749996063 1.30098645985 1.857603793
174 1740 -0.919264576874 -0.00137474428841 0.0166103437252 0.772613207808 0.239439276148 0.352305283076 0.469198726807 0.752941872794 0.890226560918 0.98811171843 1.02830339777 1.30695409585 1.87004703874
175 1750 -0.917605518639 -0.00874172388826 0.00182170931051 0.775574339699 0.239439276148 0.352305283076 0.469198726807 0.752941872794 0.890226560918 0.98811171843 1.02830339777 1.30695409585 1.87004703874
176 1760 -0.915435820167 -0.00863576700303 0.00128707227766 0.749876414494 0.246853724418 0.347033300768 0.489021164502 0.735788891969 0.904184034167 0.974484757012 1.02687450685 1.31361980773 1.86838608769
177 1770 -0.919820371277 -0.00561335569375 0.0108873763435 0.751945055366 0.246853724418 0.347033300768 0.489021164502 0.735788891969 0.904184034167 0.974484757012 1.02687450685 1.31361980773 1.86838608769
178 1780 -0.916674344626 -0.00279620871538 0.00551827284738 0.72411129863 0.250276184783 0.337694441506 0.525285334591 0.790947577656 0.904798710776 0.990009373316 1.01929330527 1.30759278442 1.83691713037
179 1790 -0.917348191689 -0.00296997302893 0.0456298088732 0.719717872481 0.250276184783 0.337694441506 0.525285334591 0.790947577656 0.904798710776 0.990009373316 1.01929330527 1.30759278442 1.83691713037
180 1800 -0.923051584011 -0.00835665682092 0.0464765518043 0.706963604402 0.245882278084 0.330330355039 0.553476868797 0.795829377988 0.922467649418 1.00983340892 1.02563761448 1.303105719 1.80831844806
181 1810 -0.921603637068 -0.0197223005411 0.00797710290178 0.668577935403 0.245882278084 0.330330355039 0.553476868797 0.795829377988 0.922467649418 1.00983340892 1.02563761448 1.303105719 1.80831844806
182 1820 -0.907303554587 -0.00111993065991 0.0301669960467 0.660234421259 0.273777652765 0.320252239292 0.613158339974 0.799818654393 0.919716064872 0.99850909819 1.05047900252 1.27719683466 1.79699062934
183 1830 -0.899134519585 -0.0208825402528 0.00454756158223 0.644287277661 0.273777652765 0.320252239292 0.613158339974 0.799818654393 0.919716064872 0.99850909819 1.05047900252 1.27719683466 1.79699062934
184 1840 -0.899749370838 -0.000898162722359 0.0216458424978 0.602670716497 0.284250785416 0.330083368191 0.661961884356 0.793111583585 0.89145532611 1.01419574604 1.06503841183 1.27552331093 1.77720983442
185 1850 -0.88947768499 -0.000247151967549 0.00963776610473 0.576236913245 0.284250785416 0.330083368191 0.661961884356 0.793111583585 0.89145532611 1.01419574604 1.06503841183 1.27552331093 1.77720983442
186 1860 -0.88709295249 -0.0062598193117 0.00148005150473 0.564491419479 0.29283269922 0.324998164594 0.676878472376 0.813533666402 0.896305478833 1.01694946392 1.05537580567 1.30352372772 1.74300940533
187 1870 -0.883093413683 -0.0191951196173 0.00272269979699 0.575629579077 0.29283269922 0.324998164594 0.676878472376 0.813533666402 0.896305478833 1.01694946392 1.05537580567 1.30352372772 1.74300940533
188 1880 -0.882203839602 -0.0312941734276 0.0216784992032 0.536489457584 0.298578146793 0.330310080714 0.684950991011 0.848079421872 0.879202120247 1.02820691497 1.06898747258 1.27664244219 1.7351062806
189 1890 -0.872704605934 -0.00884286573115 0.00130191801208 0.524124459241 0.298578146793 0.330310080714 0.684950991011 0.848079421872 0.879202120247 1.02820691497 1.06898747258 1.27664244219 1.7351062806
190 1900 -0.872950088822 -0.0201648942744 0.0075242607799 0.513202085696 0.314562557998 0.337163402142 0.714418321166 0.877597633903 0.906034848046 1.02435827769 1.05499241409 1.22663610843 1.73751141851
191 1910 -0.875191579035 -0.0121437158957 0.00717393085973 0.486797881217 0.314562557998 0.337163402142 0.714418321166 0.877597633903 0.906034848046 1.02435827769 1.05499241409 1.22663610843 1.73751141851
192 1920 -0.882750659003 -0.0059980981406 0.00645174891032 0.494685199806 0.311287703904 0.345530058653 0.740800393409 0.878538478751 0.922437512675 1.01629089805 1.05469973207 1.21096653716 1.73220213291
193 1930 -0.882046490597 -0.00922756659454 0.000452780535824 0.48359774741 0.311287703904 0.345530058653 0.740800393409 0.878538478751 0.922437512675 1.01629089805 1.05469973207 1.21096653716 1.73220213291
194 1940 -0.879731538715 -0.00190030906874 0.01715240663 0.474686403778 0.317772328886 0.351554040492 0.763551167367 0.895230686528 0.921121740611 1.02626692094 1.05034871177 1.20144012249 1.71540149762
195 1950 -0.873365540116 -0.00401867500185 0.0126483066147 0.46956979115 0.317772328886 0.351554040492 0.763551167367 0.895230686528 0.921121740611 1.02626692094 1.05034871177 1.20144012249 1.71540149762
196 1960 -0.868545901186 -0.00450641039921 0.00136331129351 0.448402249125 0.337808905764 0.373582189731 0.774774737502 0.869239084428 0.921596226264 1.03861654403 1.04897684761 1.21676656409 1.6975075207
197 1970 -0.877242440086 -0.0248892941219 0.0170573225272 0.466031336635 0.337808905764 0.373582189731 0.774774737502 0.869239084428 0.921596226264 1.03861654403 1.04897684761 1.21676656409 1.6975075207
198 1980 -0.87374808045 -6.58792852084e-05 0.0081892055889 0.441551215895 0.325907675994 0.371229841526 0.771303240662 0.841836734112 0.895476228558 1.02991482431 1.07358655234 1.23512612638 1.70635516844
199 1990 -0.872762174667 -0.0491320934332 0.0125309385993 0.442218803751 0.325907675994 0.371229841526 0.771303240662 0.841836734112 0.895476228558 1.02991482431 1.07358655234 1.23512612638 1.70635516844
200 2000 -0.877485953303 -0.0337783698274 0.000318574780409 0.441047434274 0.320810534743 0.377371763371 0.774860985411 0.869172921861 0.886982718579 1.02664577549 1.07575350836 1.24366178881 1.68941406739
201 2010 -0.876320128914 -0.0131384422548 0.0075424238753 0.462745946411 0.320810534743 0.377371763371 0.774860985411 0.869172921861 0.886982718579 1.02664577549 1.07575350836 1.24366178881 1.68941406739
202 2020 -0.871130956005 -0.010337138379 0.00305849595926 0.437855647567 0.328238485833 0.373334374031 0.781378172782 0.900969774905 0.930252086535 1.01874816912 1.05872534296 1.2443761953 1.66072102219
203 2030 -0.865964677066 -0.00921221529951 0.00471935876868 0.424744271957 0.328238485833 0.373334374031 0.781378172782 0.900969774905 0.930252086535 1.01874816912 1.05872534296 1.2443761953 1.66072102219
204 2040 -0.881536407164 -0.0135738920994 0.00430493856076 0.467170185779 0.308406069527 0.375970568391 0.809393542471 0.889057046998 0.942126975857 1.00845400032 1.06767988759 1.22529479922 1.66496879605
205 2050 -0.883301202648 -0.00854091083044 0.00227044908321 0.450942303481 0.308406069527 0.375970568391 0.809393542471 0.889057046998 0.942126975857 1.00845400032 1.06767988759 1.22529479922 1.66496879605
206 2060 -0.876647252278 -0.0125850453797 0.000420424575206 0.463023801792 0.315944457182 0.374350516323 0.790383003026 0.896373350218 0.941465972177 1.00443378484 1.09348015769 1.24489412597 1.64047086881
207 2070 -0.869589283289 -0.0253389255237 0.00382402140216 0.44495919616 0.315944457182 0.374350516323 0.790383003026 0.896373350218 0.941465972177 1.00443378484 1.09348015769 1.24489412597 1.64047086881
208 2080 -0.862861687985 -0.00632512044507 0.0202810455272 0.435935415121 0.31162216403 0.40269701847 0.78078135777 0.912553868013 0.929951635322 1.01470012185 1.09026994953 1.25342456631 1.62608873064
209 2090 -0.855642334081 -0.00327528641751 0.017095799248 0.419287209351 0.31162216403 0.40269701847 0.78078135777 0.912553868013 0.929951635322 1.01470012185 1.09026994953 1.25342456631 1.62608873064
210 2100 -0.855053097228 -0.0116263141322 0.00115606657181 0.403281419415 0.316900847165 0.420820777113 0.792510649937 0.911000604657 0.942877377053 1.00714286561 1.07168992775 1.28730890268 1.5985776436
211 2110 -0.858021433335 -0.00737142664189 0.000987914348997 0.391578232948 0.316900847165 0.420820777113 0.792510649937 0.911000604657 0.942877377053 1.00714286561 1.07168992775 1.28730890268 1.5985776436
212 2120 -0.842699624562 -0.00420697133566 0.0143946715151 0.380094998267 0.322965474108 0.440276232136 0.78384850728 0.90617903574 0.935361220227 1.02017160963 1.06054566753 1.28730674379 1.60271791774
213 2130 -0.841118073386 -0.00518485055115 0.00280440930247 0.38442572586 0.322965474108 0.440276232136 0.78384850728 0.90617903574 0.935361220227 1.02017160963 1.06054566753 1.28730674379 1.60271791774
214 2140 -0.83709802632 -0.00516238599938 0.0202607230973 0.374435594468 0.331675513486 0.466274066368 0.806340489381 0.876850159766 0.957221825806 1.01234040847 1.05547924794 1.30602231282 1.57882589619
215 2150 -0.835534711208 -0.000173616077493 0.0205095639987 0.373121620227 0.331675513486 0.466274066368 0.806340489381 0.876850159766 0.957221825806 1.01234040847 1.05547924794 1.30602231282 1.57882589619
216 2160 -0.824993044141 -0.00285381031425 0.00339891937441 0.352159725553 0.339119581324 0.491147496619 0.797910706846 0.888164191173 0.972031129481 1.01709436938 1.05015386787 1.31779131829 1.54904885071
217 2170 -0.82110217463 -0.002934267174 0.00910910769241 0.322182266293 0.339119581324 0.491147496619 0.797910706846 0.888164191173 0.972031129481 1.01709436938 1.05015386787 1.31779131829 1.54904885071
218 2180 -0.827708795914 -0.0296511823265 0.0139947244962 0.323527960114 0.338223724457 0.496702503479 0.798173314271 0.899603644802 0.962891544125 1.03209073814 1.0692035972 1.31629838006 1.52457036662
219 2190 -0.842214874134 -0.00226620482208 0.019074061875 0.339110354072 0.338223724457 0.496702503479 0.798173314271 0.899603644802 0.962891544125 1.03209073814 1.0692035972 1.31629838006 1.52457036662
220 2200 -0.847567521203 -0.010967321531 0.0082186352462 0.361651929965 0.321644239111 0.513411215387 0.812423367161 0.875647803715 0.95103303669 1.01914308953 1.04870506243 1.30314236411 1.57005869342
221 2210 -0.852295813022 -0.00803980099201 0.0137380493487 0.378324286512 0.321644239111 0.513411215387 0.812423367161 0.875647803715 0.95103303669 1.01914308953 1.04870506243 1.30314236411 1.57005869342
222 2220 -0.85005219641 -0.00355178259333 0.0341351967212 0.363213236881 0.327178892645 0.507205053311 0.851607531693 0.875757527358 0.937460981665 1.01553466436 1.07104016964 1.29681949506 1.55064463271
223 2230 -0.842354237897 -0.00125546407408 0.0247878765745 0.356317549616 0.327178892645 0.507205053311 0.851607531693 0.875757527358 0.937460981665 1.01553466436 1.07104016964 1.29681949506 1.55064463271
224 2240 -0.832262054544 -0.00585881006351 0.00784481792514 0.342830804159 0.35077722354 0.523576830613 0.85058520711 0.865221806117 0.939263092262 0.986851360554 1.078000975 1.33333672262 1.52799050758
225 2250 -0.831517198648 -0.00434795688348 0.00554909253371 0.34213001418 0.35077722354 0.523576830613 0.85058520711 0.865221806117 0.939263092262 0.986851360554 1.078000975 1.33333672262 1.52799050758
226 2260 -0.829528775752 -0.0064442847738 0.0164816765715 0.35590837865 0.352498888781 0.536485208462 0.847358478417 0.872577953374 0.938897289394 0.97666281214 1.08443800145 1.32195634718 1.53282312984
227 2270 -0.833437597813 -0.00448260589232 0.00972785912769 0.383174290241 0.352498888781 0.536485208462 0.847358478417 0.872577953374 0.938897289394 0.97666281214 1.08443800145 1.32195634718 1.53282312984
228 2280 -0.834395370397 -0.00957999328128 0.0227642248221 0.376306334569 0.352562092046 0.539191103399 0.835741938513 0.916767262903 0.950690835612 0.974892902894 1.06880386902 1.30640414923 1.53061535813
229 2290 -0.831306214512 -0.00689007903542 0.0040629748838 0.39723339203 0.352562092046 0.539191103399 0.835741938513 0.916767262903 0.950690835612 0.974892902894 1.06880386902 1.30640414923 1.53061535813
230 2300 -0.834361089683 -0.000333241305624 0.0150605714458 0.381947564818 0.353786436538 0.53083783417 0.838736370825 0.915402356524 0.968833781161 0.978862933898 1.05973036433 1.29701124348 1.53281702345
231 2310 -0.841475305939 -0.000188218010056 0.0226334645967 0.37866644623 0.353786436538 0.53083783417 0.838736370825 0.915402356524 0.968833781161 0.978862933898 1.05973036433 1.29701124348 1.53281702345
232 2320 -0.838197803183 -0.0042842973199 0.000996210110364 0.365494528631 0.362448310423 0.524693092304 0.832506643813 0.913590196537 0.973453250675 0.988571295419 1.05624725171 1.29819601634 1.52962689274
233 2330 -0.849136944986 -0.00735825289139 4.18788451426e-05 0.365038550854 0.362448310423 0.524693092304 0.832506643813 0.913590196537 0.973453250675 0.988571295419 1.05624725171 1.29819601634 1.52962689274
234 2340 -0.852905792042 -0.00379697242542 0.000595088646339 0.381937169225 0.340121210016 0.535308593849 0.816526933205 0.90240889736 0.972255583555 0.992427738257 1.05702840428 1.28310928472 1.55654489231
235 2350 -0.857930593879 -0.00580487744165 0.0134744788857 0.398196594904 0.340121210016 0.535308593849 0.816526933205 0.90240889736 0.972255583555 0.992427738257 1.05702840428 1.28310928472 1.55654489231
236 2360 -0.863301398692 -0.0127337301945 0.0183235040816 0.405528438564 0.327074923048 0.559160743747 0.826783184376 0.889980218222 0.96384803472 1.00050460681 1.033120634 1.26381238755 1.58434640688
237 2370 -0.866401998282 -0.00597198899208 0.0124840748024 0.405148089758 0.327074923048 0.559160743747 0.826783184376 0.889980218222 0.96384803472 1.00050460681 1.033120634 1.26381238755 1.58434640688
238 2380 -0.855432485569 -0.00952134640028 0.0127990110747 0.399408841666 0.332755754425 0.556392715927 0.824186412214 0.891524834816 0.951720236844 1.00542761684 1.07502391079 1.24349741111 1.57701701268
239 2390 -0.858861696513 -0.0470891739585 0.0367042974599 0.400383630962 0.332755754425 0.556392715927 0.824186412214 0.891524834816 0.951720236844 1.00542761684 1.07502391079 1.24349741111 1.57701701268
240 2400 -0.863787030152 -0.0203419276703 0.0241534396502 0.431666365043 0.329210538506 0.559059488618 0.799305914278 0.88163795027 0.952513099209 1.01617222335 1.07734133135 1.23046954241 1.59633663707
241 2410 -0.856428746828 -0.0371761131302 0.0321911988788 0.399318991553 0.329210538506 0.559059488618 0.799305914278 0.88163795027 0.952513099209 1.01617222335 1.07734133135 1.23046954241 1.59633663707
242 2420 -0.854333054873 -0.00692821623199 0.0467944136248 0.444289761623 0.338789100115 0.567397192378 0.813041285845 0.896736188462 0.969308395367 1.01975589112 1.0458483003 1.21451448712 1.59681104019
243 2430 -0.857803852501 -0.00618426051776 0.0129942336708 0.424828644248 0.338789100115 0.567397192378 0.813041285845 0.896736188462 0.969308395367 1.01975589112 1.0458483003 1.21451448712 1.59681104019
244 2440 -0.851421565391 -0.00109709603575 0.0101934550862 0.426076728426 0.344984870022 0.589985775818 0.806582150935 0.928526350274 0.975705118258 1.01019825559 1.05337912293 1.20780136914 1.57457091207
245 2450 -0.847857876425 -0.018976291936 0.00536857064308 0.414830279072 0.344984870022 0.589985775818 0.806582150935 0.928526350274 0.975705118258 1.01019825559 1.05337912293 1.20780136914 1.57457091207
246 2460 -0.849240063666 -0.00775326727769 0.00101236702652 0.394712279218 0.346421988757 0.610472523759 0.818516595061 0.915963426114 0.969567857792 1.00858525135 1.07316576946 1.20980147921 1.55748074182
247 2470 -0.850427601674 -0.0157740711326 0.00279936724907 0.382773957438 0.346421988757 0.610472523759 0.818516595061 0.915963426114 0.969567857792 1.00858525135 1.07316576946 1.20980147921 1.55748074182
248 2480 -0.849019342719 -0.011757196657 0.0385942378959 0.356889738695 0.346277057146 0.623438043619 0.799971950286 0.924229961891 0.975653741074 1.02419907839 1.09218612771 1.20442228051 1.53390792415
249 2490 -0.846333055347 -0.00612092258428 0.0218663661383 0.335104358919 0.346277057146 0.623438043619 0.799971950286 0.924229961891 0.975653741074 1.02419907839 1.09218612771 1.20442228051 1.53390792415
250 2500 -0.841262856592 -0.00526185984204 0.000396469700827 0.337391863922 0.35372343881 0.649438095195 0.815184828256 0.910271181622 0.989334292147 1.01222512044 1.07749775265 1.17616018483 1.55314318001
251 2510 -0.835206951002 -0.00532359927215 0.00285377593291 0.343975978304 0.35372343881 0.649438095195 0.815184828256 0.910271181622 0.989334292147 1.01222512044 1.07749775265 1.17616018483 1.55314318001
252 2520 -0.836051133408 -0.00743916475959 0.0260171410783 0.349946781222 0.363086047405 0.62626679188 0.824203919337 0.901998742849 0.981715752377 1.03790333731 1.08313558833 1.16571946979 1.55240164062
253 2530 -0.840427049888 -0.00415328123568 0.0259018647085 0.363577613031 0.363086047405 0.62626679188 0.824203919337 0.901998742849 0.981715752377 1.03790333731 1.08313558833 1.16571946979 1.55240164062
254 2540 -0.853757139614 -0.00136093493218 0.00051125261635 0.365869962132 0.347750595451 0.600085823533 0.831205336365 0.88101140625 0.981688566142 1.05144120925 1.0753235233 1.15698897227 1.57724376667
255 2550 -0.862641868789 -6.60561924643e-05 0.0173101581419 0.41429699335 0.347750595451 0.600085823533 0.831205336365 0.88101140625 0.981688566142 1.05144120925 1.0753235233 1.15698897227 1.57724376667
256 2560 -0.866234354862 -0.00779503438304 0.0113415876542 0.435533949378 0.335784988997 0.59580182179 0.829130350068 0.895087894115 0.972862828664 1.01720175023 1.08709862318 1.14619353559 1.60216248649
257 2570 -0.862336124597 -0.0099034742278 0.00604971554033 0.408110089586 0.335784988997 0.59580182179 0.829130350068 0.895087894115 0.972862828664 1.01720175023 1.08709862318 1.14619353559 1.60216248649
258 2580 -0.861052639731 -0.0095378349749 0.00821282380195 0.380848227601 0.344168424832 0.612871291809 0.853497145459 0.910410895674 0.952385903049 1.00239390256 1.10366212586 1.18131978203 1.55666712532
259 2590 -0.865759645419 -0.0113664599185 0.0192436141922 0.395613687598 0.344168424832 0.612871291809 0.853497145459 0.910410895674 0.952385903049 1.00239390256 1.10366212586 1.18131978203 1.55666712532
260 2600 -0.864413098866 -5.79454652051e-05 0.0122728976426 0.387340421368 0.344563624997 0.610276240065 0.837628044142 0.930052241225 0.952378838686 1.02408337011 1.09182353314 1.18379532163 1.54693203311
261 2610 -0.870140132857 -0.00609205875823 0.00729165687056 0.40230907331 0.344563624997 0.610276240065 0.837628044142 0.930052241225 0.952378838686 1.02408337011 1.09182353314 1.18379532163 1.54693203311
262 2620 -0.87826045286 -0.00211741249836 0.00286375568504 0.413987850593 0.331989699558 0.620741545487 0.819397836757 0.919439120789 0.951936308808 1.02708284452 1.08865066654 1.16085164642 1.5791969279
263 2630 -0.881921591192 -0.0037906263533 0.0030393132912 0.364879659484 0.331989699558 0.620741545487 0.819397836757 0.919439120789 0.951936308808 1.02708284452 1.08865066654 1.16085164642 1.5791969279
264 2640 -0.883184685497 -0.0162200716525 0.00113926577292 0.346662212031 0.319086343574 0.668888255038 0.817398376578 0.933803302133 0.979213618527 1.04075396019 1.07195634244 1.15863885035 1.54177858089
265 2650 -0.881053664872 -0.00897876016319 0.00264825380317 0.332022388156 0.319086343574 0.668888255038 0.817398376578 0.933803302133 0.979213618527 1.04075396019 1.07195634244 1.15863885035 1.54177858089
266 2660 -0.885465691398 -0.00363327795594 0.0090947198618 0.34409463969 0.314959177625 0.683648671766 0.827952987699 0.934119313751 0.958025819244 1.0515532829 1.05540284561 1.16577498006 1.54235401906
267 2670 -0.88276845933 -0.000934124595455 0.0115342346189 0.330391588294 0.314959177625 0.683648671766 0.827952987699 0.934119313751 0.958025819244 1.0515532829 1.05540284561 1.16577498006 1.54235401906
268 2680 -0.876647607819 -0.0126117381384 0.00788874059688 0.342056943203 0.333451625242 0.69343805419 0.812759179579 0.941212846209 0.962827631617 1.05025425204 1.06442552862 1.16562507993 1.52962086731
269 2690 -0.873694332353 -0.0108991368358 0.0118019804852 0.333359624357 0.333451625242 0.69343805419 0.812759179579 0.941212846209 0.962827631617 1.05025425204 1.06442552862 1.16562507993 1.52962086731
270 2700 -0.867568044683 -0.0181795785169 0.0018781508389 0.311519949561 0.338225245794 0.67380037551 0.847941209716 0.934018272543 0.942675612349 1.05805925352 1.08256125638 1.15211523738 1.52733991646
271 2710 -0.871859545099 -0.000145909156738 0.00250357325807 0.293951994941 0.338225245794 0.67380037551 0.847941209716 0.934018272543 0.942675612349 1.05805925352 1.08256125638 1.15211523738 1.52733991646
272 2720 -0.876572419864 -0.00456303534249 0.0133548876531 0.323470574534 0.330584551934 0.652322637757 0.817028534842 0.905406882714 0.93281773384 1.05766109246 1.11423490525 1.16467037647 1.54632446767
273 2730 -0.885043988789 -0.00410695211987 0.000466478897388 0.300302178904 0.330584551934 0.652322637757 0.817028534842 0.905406882714 0.93281773384 1.05766109246 1.11423490525 1.16467037647 1.54632446767
274 2740 -0.882499709856 -0.000822733564178 0.00723598932862 0.271169251425 0.324994247646 0.63934043333 0.779110463714 0.893309920779 0.937221841373 1.03459867016 1.1381364386 1.23293340822 1.52195541652
275 2750 -0.884548176486 -0.0170812242233 0.0027580966352 0.296174596555 0.324994247646 0.63934043333 0.779110463714 0.893309920779 0.937221841373 1.03459867016 1.1381364386 1.23293340822 1.52195541652
276 2760 -0.888109542138 -0.026773047011 0.00165552063491 0.303413359533 0.318199465375 0.615495362219 0.752288382943 0.912938052517 0.959610679213 1.03245324773 1.16509409192 1.20281606991 1.52626922756
277 2770 -0.886737315725 -0.00423947428044 0.00611373458361 0.290886405601 0.318199465375 0.615495362219 0.752288382943 0.912938052517 0.959610679213 1.03245324773 1.16509409192 1.20281606991 1.52626922756
278 2780 -0.888016369909 -0.0119691725146 0.00773421140396 0.287178823389 0.31747510828 0.61520149842 0.750547420847 0.921588189988 0.963929423385 1.01820358371 1.17318464569 1.21762150202 1.51103528843
279 2790 -0.882668820091 -0.0106182856126 0.00249393789184 0.266945367807 0.31747510828 0.61520149842 0.750547420847 0.921588189988 0.963929423385 1.01820358371 1.17318464569 1.21762150202 1.51103528843
280 2800 -0.885460155108 -0.00558501593713 0.016375903834 0.2915404746 0.316504840958 0.600264426306 0.750819608857 0.905059365713 0.97619776557 1.02274112094 1.18583977279 1.2191227555 1.50506047253
281 2810 -0.88123320009 -0.0167356941168 0.000136341655518 0.28742569035 0.316504840958 0.600264426306 0.750819608857 0.905059365713 0.97619776557 1.02274112094 1.18583977279 1.2191227555 1.50506047253
282 2820 -0.890028966679 -0.00594475102951 0.00743911364063 0.282982531787 0.309565725613 0.603047130992 0.760842723599 0.921835922766 0.991030080782 1.02794984682 1.16079935732 1.2092952649 1.50438306509
283 2830 -0.893024954445 -0.0148564095846 0.00133391996528 0.293885010399 0.309565725613 0.603047130992 0.760842723599 0.921835922766 0.991030080782 1.02794984682 1.16079935732 1.2092952649 1.50438306509
284 2840 -0.894174192151 -0.000909378911903 0.00174055095775 0.291045738069 0.303515801684 0.590463047067 0.762057225436 0.891874862107 0.982310513997 1.00825101406 1.16724342004 1.23419603996 1.52179448143
285 2850 -0.895348563574 -0.00944608865464 0.00605993103385 0.301937022417 0.303515801684 0.590463047067 0.762057225436 0.891874862107 0.982310513997 1.00825101406 1.16724342004 1.23419603996 1.52179448143
286 2860 -0.88680550061 -0.00220134035154 0.0113276334753 0.291603595779 0.312917325198 0.58710338087 0.781343788929 0.88853795434 0.976555849422 1.01171631583 1.18255767059 1.21662930263 1.51708068998
287 2870 -0.885259404627 -0.00769512447261 0.000205008899934 0.337336741796 0.312917325198 0.58710338087 0.781343788929 0.88853795434 0.976555849422 1.01171631583 1.18255767059 1.21662930263 1.51708068998
288 2880 -0.891325957305 -0.00738108185307 0.0176209929798 0.355126764916 0.306704686654 0.55879647126 0.777837665747 0.864320926576 0.986721889896 1.01399859947 1.16607695821 1.22447623119 1.54295362198
289 2890 -0.889195961961 -0.00135527378801 0.00156908362284 0.335896424342 0.306704686654 0.55879647126 0.777837665747 0.864320926576 0.986721889896 1.01399859947 1.16607695821 1.22447623119 1.54295362198
290 2900 -0.891793540096 -0.0343355954163 0.00736877055819 0.327958516179 0.304644752032 0.517154487557 0.77534946876 0.871618431381 0.974923646059 1.02805983474 1.17238980999 1.24066130301 1.53549205391
291 2910 -0.891908952424 -0.0394211342056 0.0143725720998 0.320094835657 0.304644752032 0.517154487557 0.77534946876 0.871618431381 0.974923646059 1.02805983474 1.17238980999 1.24066130301 1.53549205391
292 2920 -0.888707590928 -0.0125779204539 0.00989592932418 0.331692992007 0.302403330918 0.506544345076 0.785392724322 0.886619015937 0.98912788338 1.02586833887 1.14767900913 1.23231032183 1.5435330853
293 2930 -0.892532377057 -0.0091251975208 0.00156659795909 0.30048165381 0.302403330918 0.506544345076 0.785392724322 0.886619015937 0.98912788338 1.02586833887 1.14767900913 1.23231032183 1.5435330853
294 2940 -0.897406943187 -0.00753493476628 0.00229957839935 0.293591417476 0.287665917022 0.507241398344 0.793267757463 0.905918769057 0.993849551875 1.00536464016 1.17036870558 1.25073057481 1.50910803577
295 2950 -0.901972749796 -0.0249937734959 0.0113017072419 0.249529560107 0.287665917022 0.507241398344 0.793267757463 0.905918769057 0.993849551875 1.00536464016 1.17036870558 1.25073057481 1.50910803577
296 2960 -0.900062700875 -0.00100185760743 0.00992400512889 0.248873424155 0.282693619111 0.538941967301 0.811847305924 0.917042138309 0.98043935531 0.996811481177 1.1624972428 1.26368535236 1.49210206565
297 2970 -0.914191182435 -0.00572295309545 0.000447182593916 0.313908902671 0.282693619111 0.538941967301 0.811847305924 0.917042138309 0.98043935531 0.996811481177 1.1624972428 1.26368535236 1.49210206565
298 2980 -0.915162122482 -0.00152590864833 0.00288568998408 0.369461541991 0.26260610797 0.536425009142 0.740548916756 0.902298830105 0.96311024859 1.02227736471 1.16675182595 1.29822771972 1.50379286065
299 2990 -0.913503159493 -0.00560841860695 0.0123197943401 0.377746214819 0.26260610797 0.536425009142 0.740548916756 0.902298830105 0.96311024859 1.02227736471 1.16675182595 1.29822771972 1.50379286065
300 3000 -0.906818001813 -0.00896217269332 0.00873533805299 0.349703823868 0.279276588546 0.534116695503 0.735856762962 0.909869549613 0.998582198747 1.00818576821 1.15946511391 1.32003390881 1.4720469925
301 3010 -0.904214550826 -0.000388307533906 0.0101819114058 0.348363874479 0.279276588546 0.534116695503 0.735856762962 0.909869549613 0.998582198747 1.00818576821 1.15946511391 1.32003390881 1.4720469925
