% # columns="iteration, evaluation, void, void, void, xmean", seed=1049903, Mon Sep 26 16:38:49 2016 # scaling_of_variables: 1, typical_x: 0
0 0 0 0.0 nan 1 1 1 1 1 1 1 1 1
1 10 0 0.0 nan 6088.52014877 5794.03390862 3108.95188525 -1054.88224854 -6169.75427884 4353.50891565 4387.52402164 -4740.6382346 4199.43637114
2 20 0 0.0 nan 241.292990576 3984.45489894 -5112.07715967 4310.77200834 -4759.78368559 3682.17154862 -3741.9923328 5243.59491535 -486.11636489
3 30 0 0.0 nan 3845.74563409 4814.60721687 -6171.6861648 -2021.09629623 -2437.74566404 1157.13118879 294.510641727 9440.25532351 -1959.52074331
4 40 0 0.0 nan 5801.0371157 4000.74367959 -6443.67965763 1258.85910656 -85.9758328541 1953.23116696 -2614.9450923 6476.29777625 -3383.35561089
5 50 0 0.0 nan 4156.46494304 10829.655302 -4495.89721193 1534.24119896 2209.02453245 -1794.82884675 -4627.99982972 778.561822116 -1675.67431554
6 60 0 0.0 nan 2519.95604458 11129.1290291 -3428.774274 -6122.59944899 8250.72318537 -2761.2847548 915.617910712 -1092.05312431 2552.3663101
7 70 0 0.0 nan 1332.20137653 14438.1583749 -3015.70573733 -1281.25299967 6335.45397755 -6151.6959624 -1956.76520995 -3714.62683281 2428.60436703
8 80 0 0.0 nan 1878.27599958 12437.5967387 -1991.22942826 1373.04290671 6878.74728105 -6917.37197797 -7525.75240783 1767.53989599 -2979.78839929
9 90 0 0.0 nan 2387.75630154 13499.5699758 -4363.27688021 4715.81488081 3912.26160527 -590.457552797 -7092.92976837 5698.70756233 -1728.27232807
10 100 0 0.0 nan 5274.85692839 9660.82457043 1555.64598173 3206.08722131 -2328.45226718 2613.77341479 -7291.53042097 5089.66953383 -231.477711215
11 110 0 0.0 nan 3701.92618377 9835.79080868 -853.034410547 4038.65530463 -1952.22571058 797.93105792 -2831.75877537 7529.55024028 995.652816905
12 120 0 0.0 nan 5490.9719187 8987.43023817 -647.723607417 1209.27600457 -1136.58812112 501.333482828 -505.787816173 4556.02197302 2264.53299545
13 130 0 0.0 nan 3835.53045498 8915.18341041 -2343.90166609 3539.98240288 -478.175717333 3243.90036027 -2294.36353208 6956.62064235 1405.56989983
14 140 0 0.0 nan 3699.39548871 8492.49295085 -698.337998648 3962.06863583 -516.192860223 1385.98330331 -5366.05717035 7468.76518384 -2064.49218657
15 150 0 0.0 nan 4161.10260188 6744.07122941 2129.06733941 4301.37530498 622.382059904 400.623196869 -5411.33888521 8717.97265685 -1274.63995251
16 160 0 0.0 nan 4639.66990455 8421.8132339 2270.0568569 3981.50723144 -544.840684232 -736.577237465 -2149.11610524 8925.19194038 -1694.84221157
17 170 0 0.0 nan 3899.68815288 7120.58190486 1815.79903771 4213.54938578 -631.979401021 -437.4961786 653.188776282 9893.79814195 -2982.05461629
18 180 0 0.0 nan 5659.20035974 8701.20912299 2694.10302023 551.770822732 646.222976343 -1553.52698631 145.393092858 9400.36080595 -2980.00876331
19 190 0 0.0 nan 6008.9186864 9140.160502 2183.92840639 1267.30596567 2391.82520953 -2467.06206011 -1289.54413056 9717.18508312 -1799.13173227
20 200 0 0.0 nan 5561.5918629 8896.36168322 1307.85228118 2221.30285405 3432.48912694 -3247.97626132 -604.90270883 10400.7896809 -1914.34141129
21 210 0 0.0 nan 4885.96434709 9324.83822032 255.845231666 2860.28606673 1351.20703359 -2519.67858255 -200.484121663 11160.2135168 -2099.98759513
22 220 0 0.0 nan 5015.87475294 9644.39828024 2014.81187408 3769.82746275 -212.423524416 -2076.92177903 -834.494433858 11303.4334235 -1876.01349471
23 230 0 0.0 nan 4748.47171794 9918.6584582 1962.1412109 4759.32785047 -1320.01053428 -3009.5126465 -1414.36675236 10767.1583081 -2233.18640808
24 240 0 0.0 nan 5208.045736 8959.52018259 2919.72894235 3675.51207696 -842.326506894 -2432.41647889 -1075.04355617 8767.68192292 -3005.53223994
25 250 0 0.0 nan 4782.542775 9812.0341305 2447.8096092 3550.1763689 -909.754343516 -2614.74051673 -128.675336439 9339.03567638 -2535.05591615
26 260 0 0.0 nan 5104.77588348 9373.39650153 2679.09873041 3395.17537647 -1207.0737499 -1964.55132936 100.614329045 8102.48739408 -1982.33263691
27 270 0 0.0 nan 4939.0470684 8974.3319043 2046.30898378 4007.34432782 -1585.39524332 -1907.22143292 791.747508679 7457.07170243 -2488.74317554
28 280 0 0.0 nan 5280.60797174 9226.51524892 2223.83949192 3117.34508684 -1249.43500151 -1771.08803621 540.063999606 7316.59033039 -3348.2593997
29 290 0 0.0 nan 5212.39457455 9175.55254753 2566.71275469 2690.58830315 -890.915582792 -1792.60034569 703.907184156 7317.69212083 -3669.42277131
30 300 0 0.0 nan 5216.50870963 9583.20009251 2714.63118244 3016.30559179 -559.164363421 -1515.01077717 396.156417967 7327.73160047 -3577.49665804
31 310 0 0.0 nan 5233.43759314 9281.39851494 2755.85286326 3022.62449388 -105.497534262 -1609.71845024 78.8160152889 7899.93720529 -2981.65397755
32 320 0 0.0 nan 5112.30451952 9245.84067455 2958.1269099 3142.05697207 -206.249670743 -951.563130791 294.248144409 7516.05463066 -2919.46730917
33 330 0 0.0 nan 5257.14348384 9170.21767258 3296.66792279 2800.75521743 473.981621552 -1315.42208611 532.18283596 7564.02537892 -3304.97461307
34 340 0 0.0 nan 5236.35239943 9198.39248026 2993.13821696 2903.5242367 -13.7665157796 -271.579604367 -17.3782834597 7480.2713091 -2942.47290148
35 350 0 0.0 nan 5181.84695154 9028.48684838 2775.98690607 2985.69581722 114.351563746 -55.13598099 97.7393065036 7312.35676512 -3496.67495537
36 360 0 0.0 nan 5271.83694 9086.43618286 2680.15797195 3052.53763883 409.223717773 -79.8343366386 165.637539504 7416.58677104 -3480.84752394
37 370 0 0.0 nan 5290.48671227 9390.00377408 2512.96974468 2880.51943263 895.808703919 33.4479998935 275.716213013 7224.20885903 -3328.62588506
38 380 0 0.0 nan 5306.84894111 9267.53078165 2574.77618056 2733.93573405 1017.04010603 236.464697115 45.001471363 7327.62314612 -2798.10231658
39 390 0 0.0 nan 5255.86292856 9352.43668997 2134.63424135 2604.79339266 1076.28631365 462.029811816 -458.663014862 7639.94007558 -3042.32887309
40 400 0 0.0 nan 5196.02731695 9441.11874664 1877.88294419 2741.37781001 1030.7701602 438.305253263 -560.985301509 8068.56986008 -3216.87468015
41 410 0 0.0 nan 5205.40946464 9597.53841777 2016.34467433 2719.97681969 1688.50977173 362.5014905 -573.407194121 8675.29881725 -2987.80599424
42 420 0 0.0 nan 5218.10392336 9448.11191937 2135.38997017 2707.24624948 1259.92949816 427.725103754 -72.2482352731 8995.95168912 -3204.27019413
43 430 0 0.0 nan 5208.85713482 9545.50361483 3133.8636622 2343.26870257 1581.51111109 93.4424030919 -122.167784559 8858.22110597 -3200.53835674
44 440 0 0.0 nan 5222.33867242 9520.47645449 3482.04478155 2392.60679777 1716.8433647 183.199810517 297.109441068 8775.87947041 -3425.02941279
45 450 0 0.0 nan 5133.54060333 9538.29482453 3260.93348211 2182.44058642 2381.94706071 1.45794710708 -57.6577430182 9647.81416853 -3210.08341342
46 460 0 0.0 nan 5247.15008124 9449.01938268 3331.25748027 1992.43512558 2664.92459632 -52.1408122662 347.771818447 9743.51615451 -2991.3717025
47 470 0 0.0 nan 5201.9593442 9453.01935938 3269.30415529 2450.96339878 2157.48282378 55.8649897899 909.819630821 8854.11018754 -2877.41412527
48 480 0 0.0 nan 5078.20679072 9435.39002831 3665.92194093 2485.41160223 1982.85201133 -83.5325284616 1057.95171253 9071.43207033 -3170.33614816
49 490 0 0.0 nan 5132.94338696 9400.96605341 3445.26300118 2174.92693815 2160.00307075 -105.000270269 1711.41400551 8970.49839146 -3182.02266221
50 500 0 0.0 nan 5168.715393 9473.90001118 3385.18051258 2486.0298286 1594.4632809 57.6018614797 1404.80133151 9163.00240506 -3566.40213473
51 510 0 0.0 nan 5192.10176195 9505.57642668 3226.78810206 2524.86086449 1447.09560525 44.7772085305 1380.44085579 9079.2139589 -3751.90758404
52 520 0 0.0 nan 5146.41582756 9390.68638185 3524.02715248 2449.76042584 1827.62158483 -111.675476173 1031.29974229 9049.63674165 -3982.2208871
53 530 0 0.0 nan 5215.85341176 9514.78840621 3944.56738001 2166.79710328 2005.5005277 64.6542611286 947.952427681 9378.88561291 -3790.73995146
54 540 0 0.0 nan 5216.78693255 9571.29089551 3872.43307596 2102.09365308 2285.19708878 243.266307091 1189.95603044 9339.46061803 -3743.31439343
55 550 0 0.0 nan 5152.94704986 9569.60735419 3584.05315746 2411.6999942 1740.84926998 38.5592858088 1380.29663366 9032.43347069 -3819.21600658
56 560 0 0.0 nan 5173.79538567 9534.61782726 3793.04766656 2154.08111552 1934.51447065 109.344242785 1567.79890795 9176.98339205 -3747.61012921
57 570 0 0.0 nan 5169.49345534 9492.88946143 3653.61608677 2200.94076615 1885.4503146 350.511372949 1706.49150535 9077.26494022 -3467.49554855
58 580 0 0.0 nan 5182.68853127 9509.88311345 3687.48811124 2318.52739857 1813.01641341 104.75740241 1702.91559125 9099.84688972 -3567.87456204
59 590 0 0.0 nan 5225.4172131 9497.28640284 3660.13631358 2180.05004912 1975.38994702 125.061519872 1704.08576314 8798.87905104 -3374.52637626
60 600 0 0.0 nan 5181.3213561 9517.69834511 4003.41214219 2109.80090351 2220.30466741 -38.5136502455 1596.94733232 9067.93232057 -3471.74818865
61 610 0 0.0 nan 5194.7772722 9456.29157825 4045.11174226 2110.44847564 2116.54878691 27.6009504217 1699.52517527 9088.95873594 -3585.33395803
62 620 0 0.0 nan 5212.84707978 9458.71919621 4027.33834233 2159.61920517 2064.48703481 60.3881416172 1812.79999643 8831.58789887 -3440.2232974
63 630 0 0.0 nan 5180.12671719 9525.48667771 3928.0913746 2240.99898501 2058.38115176 34.8886511785 1718.71424389 8894.04650395 -3336.44143491
64 640 0 0.0 nan 5179.34224048 9498.11573051 4029.49558887 2192.81858303 2045.08888211 1.95005020198 1743.92670022 9118.93053811 -3578.6751387
65 650 0 0.0 nan 5195.95251768 9516.56155567 4156.46276921 2161.73276708 2041.62812613 32.899503953 1895.23594781 9122.32307907 -3550.07162392
66 660 0 0.0 nan 5178.92709084 9518.4460196 4102.05657648 2268.41904974 1996.00848059 75.0490117315 1893.50303022 9041.10079311 -3487.54058141
67 670 0 0.0 nan 5191.17429954 9526.95197502 3991.6049512 2262.46977822 2073.78544102 84.480532738 1871.03426578 9067.71492452 -3556.04876904
68 680 0 0.0 nan 5190.08323007 9534.83683352 4024.99385956 2183.11222901 2092.26671784 40.9344463034 1969.65388301 9022.71832627 -3544.03646638
69 690 0 0.0 nan 5180.75104662 9513.49811481 4125.18142727 2138.29617881 2250.67159251 -9.17057299953 2038.65650921 9149.34950855 -3475.9114687
70 700 0 0.0 nan 5181.10424104 9510.85361631 4329.31085597 1963.72381654 2494.5355647 -22.0670351801 2062.17365113 9300.736229 -3422.11694669
71 710 0 0.0 nan 5196.38900662 9511.20545059 4167.39807124 2066.33022011 2385.46271683 36.9649194128 2012.44848746 9159.80704992 -3386.46128442
72 720 0 0.0 nan 5194.82267291 9508.3347917 4260.70507359 2081.63942228 2361.27521742 19.8884269722 2044.33252732 9175.86931958 -3408.67171909
73 730 0 0.0 nan 5184.21146589 9502.68065516 4385.62004954 2103.75374981 2453.73845135 6.48010646836 2020.48569889 9209.10644113 -3441.38957011
74 740 0 0.0 nan 5172.95495859 9493.89964833 4351.16215532 2158.44412684 2398.4429322 -0.926923905344 1954.94925571 9062.50112408 -3425.00186207
75 750 0 0.0 nan 5171.04131867 9500.26567209 4270.815676 2158.67092135 2218.47958315 25.9215779302 1959.39086633 8963.79509282 -3415.29429439
76 760 0 0.0 nan 5182.45604035 9510.47372828 4166.07536461 2087.56133743 2268.6334018 32.4504176043 1874.55779091 9054.49689332 -3370.1419152
77 770 0 0.0 nan 5187.23827583 9512.21321346 4202.80125585 2065.25095469 2294.63537269 0.905022095307 1893.85311102 9036.26394722 -3374.38440836
78 780 0 0.0 nan 5188.71175563 9514.05889971 4195.72800787 2084.59300788 2201.60309802 -4.70704258538 1885.70996094 8988.39250737 -3378.02959761
79 790 0 0.0 nan 5185.77633808 9508.45545401 4189.21002812 2083.41484956 2225.72711778 9.16590460764 1790.05052101 8937.01335982 -3355.01403727
80 800 0 0.0 nan 5184.62764997 9507.01968813 4315.72461404 1995.80891693 2324.06126899 7.99781343017 1767.99242845 8950.39873946 -3337.65592763
81 810 0 0.0 nan 5188.50098756 9513.49349508 4261.81594417 2013.6691283 2238.52261474 9.25384258889 1663.01259129 8941.70314325 -3268.71021358
82 820 0 0.0 nan 5189.71976106 9517.66415725 4316.52211228 1992.71317126 2271.75682901 62.8618616665 1808.89900682 9003.87882877 -3218.9856211
83 830 0 0.0 nan 5189.81025861 9515.09031236 4323.32407088 2047.12351974 2197.99555812 62.0260493984 1680.30027963 8950.70342487 -3240.54689367
84 840 0 0.0 nan 5190.64075879 9517.99949166 4299.33287931 2071.77724669 2107.11970848 -8.5223462543 1676.84702576 8862.07953167 -3265.94802155
85 850 0 0.0 nan 5188.11306317 9507.22737728 4276.46972319 2043.52702492 2134.08508172 14.7363331843 1609.58687467 8876.93833731 -3186.58548347
86 860 0 0.0 nan 5185.24468108 9504.73182019 4302.16787552 2049.00114239 2175.74643353 7.59296832166 1603.83102533 8834.26128464 -3213.82407215
87 870 0 0.0 nan 5189.05367537 9513.12855796 4269.83337906 2042.9764991 2160.3042673 30.3577891325 1639.79927696 8717.43989739 -3192.62667406
88 880 0 0.0 nan 5186.54420389 9511.92529397 4186.81755918 2060.2807074 2159.24709994 35.7340355693 1613.89520379 8653.6984156 -3191.661549
89 890 0 0.0 nan 5184.73943465 9513.68879536 4228.2001583 2050.76510597 2099.85873252 30.9000478359 1653.73630864 8623.1469186 -3234.99769991
90 900 0 0.0 nan 5191.513763 9511.6547642 4280.51600746 2057.84260806 2115.48666331 33.9803706763 1674.89917748 8670.44331912 -3227.39098899
91 910 0 0.0 nan 5187.51201421 9510.23280245 4294.3768148 2047.78583321 2141.11259888 -1.28452219973 1631.96437163 8602.26534739 -3168.44264991
92 920 0 0.0 nan 5182.45400901 9513.05159012 4251.63239273 2072.80048724 2119.23444539 10.1054144671 1657.91402953 8592.16481964 -3183.66706361
93 930 0 0.0 nan 5185.83801974 9520.53001961 4282.84769336 2063.66960903 2092.79233606 15.735002522 1658.92296729 8629.54984958 -3210.03369832
94 940 0 0.0 nan 5185.58271088 9515.35682098 4287.55014237 2072.8640927 2076.40927684 10.5144108512 1692.55773679 8608.5428677 -3190.62276625
95 950 0 0.0 nan 5185.45880876 9511.90301339 4309.71184897 2045.51368774 2105.46081166 10.4798736213 1662.17087632 8622.47281025 -3176.09784709
96 960 0 0.0 nan 5183.85306502 9514.64653484 4301.67775292 2066.59369665 2095.70775646 -4.75952713845 1646.55778605 8636.34203975 -3211.65627716
97 970 0 0.0 nan 5183.70908456 9515.68444347 4319.56600227 2061.1968698 2099.83314253 -0.167514013544 1655.2323619 8643.75389376 -3161.79305942
98 980 0 0.0 nan 5183.46740589 9516.2667224 4292.4449661 2074.34467177 2100.77572604 14.1398811253 1659.42845919 8607.49714385 -3144.49431539
99 990 0 0.0 nan 5185.03732691 9514.81095128 4287.93101665 2051.94912258 2112.6060869 8.25861860425 1667.32353309 8610.93559451 -3129.36483479
100 1000 0 0.0 nan 5184.31313716 9517.74914138 4293.73502342 2055.00104893 2110.78301111 3.42089294778 1678.62405642 8616.76515668 -3111.54309693
101 1010 0 0.0 nan 5185.64811481 9514.48144027 4298.33737721 2057.15598777 2104.16222704 0.724674097078 1675.40413493 8628.34454258 -3107.85972449
102 1020 0 0.0 nan 5185.19290872 9515.22610072 4308.90935315 2060.21532711 2118.22344503 -0.798742117449 1659.94277938 8631.85806179 -3085.53729594
103 1030 0 0.0 nan 5185.30825791 9514.92094194 4311.26222696 2066.76200721 2107.56608783 -2.21634658921 1666.16308947 8617.09180216 -3090.89074443
104 1040 0 0.0 nan 5185.28748766 9512.85457536 4320.22584479 2051.72554498 2099.24465682 0.379223998001 1673.73474778 8641.16789679 -3079.80611698
105 1050 0 0.0 nan 5185.29855527 9513.69352168 4323.33226365 2044.74000663 2114.93903296 -2.10181511853 1663.30537847 8634.06429963 -3068.42917002
106 1060 0 0.0 nan 5184.60184161 9512.54759926 4298.29339654 2067.42587197 2084.62126025 0.0460824153439 1651.79282514 8605.32017859 -3068.35275464
107 1070 0 0.0 nan 5184.85512146 9512.31101743 4310.00032787 2063.65931316 2097.66434038 -1.15686072858 1657.84677918 8600.52286952 -3043.52123899
108 1080 0 0.0 nan 5184.78502814 9512.19596061 4294.1638403 2077.32422653 2087.30955172 -1.20017643603 1654.30738522 8567.96651034 -3031.79055167
109 1090 0 0.0 nan 5185.52042566 9515.23184833 4296.61078999 2075.98075982 2090.23609564 -3.34289924242 1669.71614439 8560.16875352 -3024.68249222
110 1100 0 0.0 nan 5185.90956921 9514.15843458 4310.28351726 2068.97215484 2093.0833021 4.15352599811 1649.38362545 8526.7226401 -3007.305323
111 1110 0 0.0 nan 5185.13363016 9514.44154997 4305.901648 2073.36874548 2084.77232856 3.31518326406 1635.55930125 8511.61200342 -2990.71292568
112 1120 0 0.0 nan 5185.74123257 9511.17034473 4294.29420457 2080.53995295 2083.24012204 2.56938257966 1621.02244543 8514.40733781 -2981.62969919
113 1130 0 0.0 nan 5185.27711358 9512.86508578 4302.67247635 2087.20738029 2070.9320479 2.43019651803 1645.03929552 8517.67150331 -2957.86480558
114 1140 0 0.0 nan 5185.75701395 9512.8173667 4311.32583901 2079.69572606 2075.91006012 1.07658700346 1660.17680489 8512.9345881 -2973.22352851
115 1150 0 0.0 nan 5185.41840552 9510.61202134 4328.99356833 2078.04254579 2082.62169362 7.51512762545 1647.25012298 8504.00799374 -2963.34794714
116 1160 0 0.0 nan 5185.66127693 9513.10913056 4319.48671243 2090.6984907 2065.0683237 4.50297468378 1651.81038842 8463.67055912 -2949.41691701
117 1170 0 0.0 nan 5185.85542616 9513.36174729 4320.62253246 2087.56877274 2064.51153148 0.757136332069 1652.6983071 8433.26399513 -2928.38035545
118 1180 0 0.0 nan 5186.13158097 9513.26084722 4301.24671251 2095.56988766 2053.95965141 0.694212066082 1641.45824902 8401.68103955 -2904.48930209
119 1190 0 0.0 nan 5185.3811039 9512.32691812 4305.63420647 2092.73021262 2048.04763334 -0.584851650314 1645.18056082 8364.3996862 -2894.59337106
120 1200 0 0.0 nan 5185.33208755 9513.04413328 4303.8516845 2097.04607921 2044.94559196 -1.3629337796 1648.79351059 8378.39392479 -2909.48119745
121 1210 0 0.0 nan 5185.94807784 9514.28699726 4320.64420109 2083.51406205 2053.90960049 2.0153578364 1640.49672519 8416.28012984 -2937.89962912
122 1220 0 0.0 nan 5186.12890064 9513.30929927 4315.62710443 2086.54661962 2055.84086689 -1.37879909594 1648.48596784 8421.32637813 -2954.13179628
123 1230 0 0.0 nan 5185.43042792 9512.7121871 4313.36087722 2096.22100072 2051.64769434 3.18592658972 1624.78979591 8396.67419644 -2916.0421374
124 1240 0 0.0 nan 5185.6914236 9513.05744416 4311.5970994 2090.80464705 2060.8365509 2.6878217589 1633.98031731 8407.94895902 -2921.35964274
125 1250 0 0.0 nan 5185.51698896 9513.98408137 4307.49588719 2097.74642617 2051.70743991 3.92237195762 1631.32631729 8379.53006345 -2900.46383356
126 1260 0 0.0 nan 5185.57415592 9513.5591076 4306.95926176 2096.10437838 2049.94033998 1.41073035453 1625.767037 8373.60691917 -2900.00851069
127 1270 0 0.0 nan 5185.16964369 9514.10459854 4309.00653958 2092.98596883 2057.80254082 1.01857043728 1614.42297855 8381.10629626 -2891.46080467
128 1280 0 0.0 nan 5185.53026715 9514.19630265 4302.49118426 2095.19595256 2056.70446904 3.12313307845 1610.80279944 8361.00619803 -2873.10541435
129 1290 0 0.0 nan 5185.28663985 9514.79025145 4290.80320876 2106.37963093 2046.79230841 1.48797091321 1608.88004365 8328.41065995 -2863.73875062
130 1300 0 0.0 nan 5185.84529236 9514.08249749 4295.61741615 2109.72372834 2042.50501363 1.13727580486 1598.4393854 8312.21741654 -2837.73583206
131 1310 0 0.0 nan 5185.85784242 9512.96256472 4298.81352779 2106.63222427 2040.27308197 3.13744568237 1593.33573881 8308.91651496 -2828.6046095
132 1320 0 0.0 nan 5186.00707373 9513.82801132 4289.82386914 2107.35512673 2036.04726642 2.18477194419 1582.87556202 8290.36522642 -2801.30597858
133 1330 0 0.0 nan 5185.85082239 9513.80715091 4308.19212144 2103.21427299 2041.88487632 0.768211827833 1597.64141658 8304.73579907 -2812.19066186
134 1340 0 0.0 nan 5185.71420499 9512.86484175 4318.82337747 2102.31005063 2047.49119618 1.64370059646 1586.73284604 8316.78895231 -2810.15089889
135 1350 0 0.0 nan 5185.51318434 9513.27718593 4322.76823877 2096.49286317 2049.68115252 1.05876147261 1603.46228645 8339.804375 -2841.14366364
136 1360 0 0.0 nan 5185.48083003 9513.60046124 4318.91348291 2095.9247265 2053.02146867 1.1204711913 1599.13076444 8344.48189946 -2852.79574959
137 1370 0 0.0 nan 5186.01293219 9513.3106163 4316.22628917 2102.2109384 2046.38173438 2.18449934701 1597.30499745 8324.53018888 -2837.02304584
138 1380 0 0.0 nan 5185.85850333 9514.39435426 4317.68915566 2105.12515482 2043.57622217 1.74646939508 1596.42855982 8310.39014712 -2820.21884722
139 1390 0 0.0 nan 5185.69138297 9513.38320026 4322.28407942 2095.68529948 2054.30328567 2.9092173083 1603.72415849 8316.39930352 -2824.26859145
140 1400 0 0.0 nan 5185.78817381 9513.34676227 4326.22146398 2097.39347553 2050.97003773 0.590863415311 1593.88426216 8318.12273649 -2823.34093426
141 1410 0 0.0 nan 5185.62034876 9513.55010366 4325.34715793 2099.57929581 2049.82411556 1.40341557969 1589.38337979 8308.42273067 -2825.4125076
142 1420 0 0.0 nan 5185.40139024 9513.67402451 4325.56569346 2098.49218204 2053.05659247 1.01978486093 1584.57127538 8304.83245867 -2818.46298523
143 1430 0 0.0 nan 5185.56063456 9513.69636177 4326.99464649 2094.29808754 2058.2905556 0.536263913038 1576.97289288 8300.88230126 -2807.58696484
144 1440 0 0.0 nan 5185.78795955 9513.61968894 4325.04763958 2097.79637552 2053.44684655 1.16627873698 1564.72051285 8286.71523465 -2791.30698149
145 1450 0 0.0 nan 5185.68448222 9513.81960112 4323.62877277 2102.64560233 2048.79514597 1.23420381934 1564.47702234 8275.87335219 -2781.32454496
146 1460 0 0.0 nan 5185.51030435 9513.95841609 4330.33390827 2099.20869848 2052.07360344 0.775352582634 1569.42697842 8274.30950418 -2785.33943345
147 1470 0 0.0 nan 5185.56611548 9513.69213642 4326.02669977 2101.7632362 2050.52101446 1.77727419894 1568.75773846 8260.09924867 -2771.06574504
148 1480 0 0.0 nan 5185.54564927 9513.72761824 4329.64576972 2100.6657447 2050.67423043 2.06161371987 1566.55220618 8265.01937504 -2762.62190366
149 1490 0 0.0 nan 5185.76395331 9513.74486132 4326.54078733 2103.18771079 2046.01400109 1.59330834281 1556.11226175 8248.92477217 -2750.95795312
150 1500 0 0.0 nan 5185.65226769 9513.50711519 4326.45448202 2103.85640102 2045.74981231 2.01032961151 1555.81438808 8247.09660156 -2757.01175249
151 1510 0 0.0 nan 5185.55026108 9513.62784459 4328.07020186 2100.91249089 2050.05279733 1.7572600715 1556.67993476 8256.14688477 -2760.0521931
152 1520 0 0.0 nan 5185.53617791 9513.77361183 4322.72374314 2102.6151454 2046.74433844 0.589826474316 1558.68884642 8253.07393878 -2763.21474413
153 1530 0 0.0 nan 5185.52404689 9513.50199333 4323.35258085 2100.94962742 2048.4305263 0.675351573627 1554.25496139 8251.21408405 -2761.80068208
154 1540 0 0.0 nan 5185.48324693 9513.45381524 4323.63621961 2099.13875331 2050.23704867 -0.0708323582014 1556.31686175 8253.45176236 -2767.49318647
155 1550 0 0.0 nan 5185.53427402 9513.67862141 4325.70944112 2096.84270438 2053.02972684 -0.0205563087549 1553.3060953 8252.16408316 -2760.67085171
156 1560 0 0.0 nan 5185.58651067 9513.63570333 4327.36843305 2098.41767066 2051.26622072 0.291951706368 1554.89012599 8248.65158988 -2754.67478596
157 1570 0 0.0 nan 5185.59937054 9513.85381675 4325.8488011 2099.29190858 2050.52258816 0.285307432106 1553.79595661 8242.95898714 -2748.94219062
158 1580 0 0.0 nan 5185.57182601 9513.8975334 4325.92514513 2098.52855886 2051.0471554 0.387925175028 1547.47379634 8240.01040548 -2743.92956979
159 1590 0 0.0 nan 5185.61357409 9513.7813768 4326.62748265 2099.14199031 2049.47296206 -0.382908184636 1545.29585098 8232.07537788 -2736.43612666
160 1600 0 0.0 nan 5185.64344579 9513.69863661 4329.13119287 2098.06508325 2048.90321907 -0.0771785568842 1543.2352952 8220.09478503 -2723.87534983
161 1610 0 0.0 nan 5185.80674551 9513.85122326 4329.52257611 2101.09107881 2045.43891643 -0.0101476123154 1532.013349 8202.70735165 -2708.80498391
162 1620 0 0.0 nan 5185.76656167 9513.67475489 4325.73264167 2102.37229045 2045.21750316 -0.0570855062911 1530.28389472 8187.88114904 -2698.5864692
163 1630 0 0.0 nan 5185.95963034 9513.83567445 4326.90086206 2103.97197967 2043.99390495 -0.168957120812 1516.1191116 8177.99413318 -2683.67318825
164 1640 0 0.0 nan 5186.12936432 9514.03803439 4324.38146811 2105.60274806 2040.46317811 -0.895981279489 1492.2389173 8142.75968866 -2641.42325173
165 1650 0 0.0 nan 5186.20932799 9513.86096824 4325.17742428 2104.21380525 2042.50968576 -0.0197045553822 1474.54775925 8111.43322764 -2609.66747839
166 1660 0 0.0 nan 5185.97285682 9513.42657754 4326.10359811 2107.3399941 2041.42866757 0.187444317506 1452.71313363 8085.90055135 -2574.02221028
167 1670 0 0.0 nan 5186.06212037 9513.23715665 4317.07822775 2118.27991139 2028.4394478 -0.589703693225 1413.382374 7996.3438829 -2493.45865816
168 1680 0 0.0 nan 5186.04036379 9513.56027002 4316.74120467 2125.05534396 2023.43833154 -0.867364572617 1417.9236364 7919.35616522 -2423.43735249
169 1690 0 0.0 nan 5186.19053734 9513.59113211 4322.48548041 2121.28408559 2024.7083115 0.0313168819734 1362.30833276 7830.80358462 -2322.19985794
170 1700 0 0.0 nan 5186.95537811 9514.15186512 4306.77276036 2123.34572898 2025.53497964 0.979909086735 1309.07926569 7675.12437192 -2147.60663303
171 1710 0 0.0 nan 5187.31612402 9514.51920902 4322.12760202 2133.68595579 2022.2441848 6.4663862898 1178.88508805 7398.0146423 -1867.21384048
172 1720 0 0.0 nan 5185.65862453 9515.55687689 4336.03421866 2104.91138209 2058.38178181 7.3116222514 1195.59032521 7355.22662222 -1857.42998818
173 1730 0 0.0 nan 5184.29954718 9514.68022756 4345.00228443 2136.19132391 2024.18581527 3.271157242 1038.31270416 7129.18736491 -1501.6521095
174 1740 0 0.0 nan 5186.02846143 9517.38730996 4387.26141145 2155.34518367 1998.93709971 -8.0610111172 778.57682908 6736.17813936 -979.638102853
175 1750 0 0.0 nan 5187.65224893 9516.13692508 4357.54737206 2156.77043583 2010.54408328 0.460926206171 606.783737075 6324.26533884 -638.13089487
176 1760 0 0.0 nan 5189.34559565 9519.21280592 4323.92803305 2202.75197198 1951.69916878 -3.31993554306 555.091859497 5892.55941693 -148.82345673
177 1770 0 0.0 nan 5188.82612776 9523.71200144 4308.96006111 2185.70050156 1968.92442399 -4.55324174626 457.971134123 5548.10677711 360.556921477
178 1780 0 0.0 nan 5186.5091378 9522.76976885 4268.78693742 2119.09401755 2060.06317865 0.6052619717 482.241725635 5332.87757501 535.199378912
179 1790 0 0.0 nan 5186.21848256 9519.12472689 4256.50593189 2125.6514076 2071.90388535 -3.66155942747 419.517556573 5216.44067861 877.891795922
180 1800 0 0.0 nan 5186.9992996 9516.93125552 4225.53095322 2180.03469003 1989.35951377 -0.367341277987 422.935683335 4745.62475307 1613.62515334
181 1810 0 0.0 nan 5183.21179783 9511.51057072 4292.74116867 2179.68647033 1970.3045561 2.38367569018 859.26417606 5057.90980616 1241.41370539
182 1820 0 0.0 nan 5183.42556792 9519.91123104 4301.86876724 2063.96813391 2106.47991226 3.33831767588 956.524708839 5876.36767438 977.338542578
183 1830 0 0.0 nan 5191.40078586 9522.12515637 4235.21907457 2163.49457641 2005.31182799 20.9359035769 1032.56167298 5403.02173865 1659.42726459
184 1840 0 0.0 nan 5186.83320735 9513.56748584 4223.11243637 2275.56658122 1907.56386254 22.3375074535 1046.64612117 4721.90539005 2035.27928204
185 1850 0 0.0 nan 5189.20464296 9514.56427468 4283.32173833 2049.7284835 2172.92351089 24.4275488915 694.497948004 5169.70355362 2110.26897092
186 1860 0 0.0 nan 5184.4529928 9512.49413668 4270.05336198 2081.24738381 2255.75692298 9.94481602639 488.236219525 5272.91556657 1796.78157027
187 1870 0 0.0 nan 5182.56489063 9515.08862848 4286.55266799 2039.34353919 2252.86871837 1.04443493581 609.360154228 5199.64327234 2045.95011476
188 1880 0 0.0 nan 5185.71847921 9513.56763401 4315.1686293 2067.99824739 2148.46345337 18.1489885408 930.608634734 5217.14856322 1952.07307533
189 1890 0 0.0 nan 5184.61594403 9509.23324442 4322.48925622 1985.95915474 2230.91510311 -5.62512370419 973.669235132 5444.02581734 2119.4613999
190 1900 0 0.0 nan 5186.85714331 9512.0263461 4354.81998215 2072.00052784 2181.31756069 9.7505220561 1132.32714166 5382.62385977 2106.08916783
191 1910 0 0.0 nan 5188.01723348 9515.19666248 4330.16227006 2098.20636602 2181.31795735 13.2291215116 1354.84978267 5317.98301102 2355.85590235
192 1920 0 0.0 nan 5184.20630123 9518.67744802 4331.82333287 2023.17275479 2271.9177319 13.6339576503 1420.15635989 5532.94482793 2205.09090655
193 1930 0 0.0 nan 5187.54102061 9516.54973054 4306.51359118 2068.97438191 2199.1427245 27.8050905639 1417.94201767 5458.51116097 2198.76756078
194 1940 0 0.0 nan 5185.82456766 9512.56200344 4296.58984138 2070.95218085 2177.00412372 25.3431603281 1411.43127639 5327.86332642 2333.24343429
195 1950 0 0.0 nan 5183.06271226 9512.17457313 4305.8879084 2065.04347707 2161.24841107 10.5749406956 1387.35046143 5593.69949633 2051.22634616
196 1960 0 0.0 nan 5183.50103548 9509.53823436 4307.18683514 2075.87252673 2161.61604004 7.74721914856 1258.45399841 5530.10803995 1970.42941899
197 1970 0 0.0 nan 5186.491178 9511.97389282 4263.10616541 2119.36742773 2106.97047135 1.98100967968 1131.24087273 5247.08395366 2245.4360398
198 1980 0 0.0 nan 5186.82549861 9511.93665496 4240.51938862 2129.35842434 2070.56219232 4.31387693908 1363.23753742 5365.58304208 2025.84901839
199 1990 0 0.0 nan 5185.42115714 9511.69448586 4285.61157568 2087.87962896 2135.53477376 9.77362912885 1504.72966071 5377.41558102 2094.19973118
200 2000 0 0.0 nan 5183.25108405 9512.2878352 4288.06154225 2121.72048142 2091.39492437 1.3586681959 1583.49679205 5321.71969777 1989.82617979
201 2010 0 0.0 nan 5184.47870464 9513.05032193 4310.50816556 2165.50972926 2068.52927653 2.64101759574 1556.75597456 5180.8253625 2096.29542168
202 2020 0 0.0 nan 5186.29115068 9512.73915353 4321.03350273 2163.90654155 2028.76420739 -2.8476763204 1596.1314347 5257.22547777 1929.1626351
203 2030 0 0.0 nan 5186.67951825 9513.8527384 4312.24650295 2148.37954809 2037.60619852 -7.9623125687 1631.33049991 5268.4611255 1926.68171728
204 2040 0 0.0 nan 5186.34852294 9514.13672765 4311.73706939 2105.65919824 2101.88114954 -0.778105945448 1686.94398002 5437.15750574 1862.15439456
205 2050 0 0.0 nan 5186.13603191 9512.25561468 4291.1273493 2083.76738115 2119.4815425 -1.17168864994 1536.43463179 5394.12181575 2006.11063468
206 2060 0 0.0 nan 5185.92137157 9511.52642668 4305.48680145 2109.83009885 2084.49379833 -0.473881883668 1481.26187952 5267.59144372 2080.10249698
207 2070 0 0.0 nan 5185.97900174 9514.0356991 4291.80241214 2100.59760325 2076.11521138 -1.09678128561 1599.05290626 5414.9781104 2064.18134127
208 2080 0 0.0 nan 5186.03738619 9513.47142917 4296.21197839 2105.36903906 2067.8548745 -5.72181937763 1552.98980913 5403.74191439 2057.96374502
209 2090 0 0.0 nan 5185.33823053 9513.67544676 4293.10128279 2107.8073568 2081.25508128 -3.15647294952 1432.08779977 5393.66790514 2162.79333444
210 2100 0 0.0 nan 5185.78294173 9514.10608804 4281.76171955 2120.32179807 2062.97313701 -1.858736851 1509.21567611 5430.80964114 2023.64923133
211 2110 0 0.0 nan 5185.91877628 9513.41946049 4291.74552789 2114.90814216 2058.65800688 -1.40294561111 1539.99570657 5425.23468609 2061.13029168
212 2120 0 0.0 nan 5186.14451079 9512.37789813 4285.6349004 2116.50111859 2043.84829925 -0.29511759838 1570.14253528 5435.02023921 2044.77767217
213 2130 0 0.0 nan 5185.65798141 9513.07409865 4278.08515495 2120.39995469 2038.20528818 -1.71259602175 1608.40214277 5383.43302907 2060.57815885
214 2140 0 0.0 nan 5185.78535719 9513.75755483 4278.49781106 2112.83811098 2044.27299963 -0.926530897673 1595.95018304 5404.32192276 2046.10612199
215 2150 0 0.0 nan 5186.12560619 9513.67989192 4269.61181369 2113.05292898 2049.53911593 0.606065280612 1674.92235413 5429.96829909 2024.9632849
216 2160 0 0.0 nan 5185.4091851 9513.52825723 4266.8465279 2117.653302 2057.49144485 0.106315313222 1618.15341643 5403.95929057 2091.28780562
217 2170 0 0.0 nan 5185.58401703 9513.32362396 4266.27298305 2117.88976742 2053.01845063 -0.0117818012811 1673.5406003 5419.40872091 2071.9809797
218 2180 0 0.0 nan 5185.27613077 9513.01230174 4272.64137412 2122.34848077 2048.64047722 0.568373593218 1683.95179257 5434.33506164 2056.5799082
219 2190 0 0.0 nan 5185.37537841 9513.6762186 4288.38396147 2104.79209505 2068.59569784 1.15944190515 1663.81514803 5449.34624253 2090.77685949
220 2200 0 0.0 nan 5185.5050764 9513.96083854 4291.66332899 2103.72983466 2067.1270404 2.06965986075 1631.57170601 5438.98763316 2074.21926401
221 2210 0 0.0 nan 5185.25444504 9513.84788394 4295.63819804 2113.81457575 2051.39784156 0.62640786838 1666.98448446 5416.32745281 2049.82241229
222 2220 0 0.0 nan 5185.41065513 9513.00961244 4303.08425229 2102.98331475 2058.7578134 0.559556300567 1646.14593047 5378.26354572 2090.66172517
223 2230 0 0.0 nan 5185.54741776 9513.55635278 4303.90799096 2098.19332297 2060.26486969 0.599755354117 1655.11187066 5366.32100908 2107.47142167
224 2240 0 0.0 nan 5185.63110826 9513.26867806 4310.51264784 2088.50759297 2062.97609481 1.12400122016 1620.41620542 5367.6080932 2158.00012992
225 2250 0 0.0 nan 5185.69510265 9513.57861432 4317.41106768 2092.91863908 2065.09709868 2.10758663563 1599.73738182 5345.1689235 2146.76875319
226 2260 0 0.0 nan 5185.83951234 9514.01429584 4309.67174585 2096.27560683 2055.65575786 1.26558975086 1644.00901351 5312.43377442 2128.67395411
227 2270 0 0.0 nan 5185.86365494 9514.01293257 4319.06444188 2103.86680647 2050.20432819 -0.231359131685 1659.51692042 5262.59723225 2125.2300414
228 2280 0 0.0 nan 5185.60898961 9513.44952709 4325.89647191 2097.36485957 2052.58227869 -0.0917134005372 1640.50811027 5251.97507896 2151.96498064
229 2290 0 0.0 nan 5185.51835192 9513.51966653 4326.61040834 2088.70268964 2061.90480385 2.31369885133 1668.41909523 5300.71535094 2112.26907818
230 2300 0 0.0 nan 5185.69137631 9513.92277207 4324.84939016 2089.53760627 2060.91684436 1.97850634348 1657.95428278 5314.59701366 2107.67779183
231 2310 0 0.0 nan 5185.75009589 9513.42658868 4322.92325416 2093.85351647 2057.32707371 1.14964356922 1619.74061058 5328.84858621 2077.64289537
232 2320 0 0.0 nan 5185.46119927 9513.65265987 4319.66031859 2090.67971153 2056.87900893 2.0105931181 1640.75482517 5327.7766594 2062.85900357
233 2330 0 0.0 nan 5185.61029058 9513.60155621 4324.6129481 2085.52497608 2063.63920041 2.01291924518 1630.33751545 5346.81193907 2087.83722188
234 2340 0 0.0 nan 5185.53613469 9513.56470611 4329.27491561 2085.26651596 2063.67759742 1.22228849447 1622.86767108 5344.73672382 2076.04789744
235 2350 0 0.0 nan 5185.47867158 9513.58635959 4330.27708967 2085.14160336 2064.17045896 0.837771395976 1590.85267961 5356.08081906 2086.98782734
236 2360 0 0.0 nan 5185.67132972 9513.51500942 4324.45567053 2088.87116732 2059.84260016 -0.173810960512 1605.32149703 5338.25511226 2078.69598438
237 2370 0 0.0 nan 5185.76758137 9513.46373758 4328.10401577 2090.98700303 2058.74703646 -0.503778567008 1593.68197244 5347.52562291 2055.10219811
238 2380 0 0.0 nan 5185.67808717 9513.52078041 4327.13875293 2093.77251184 2059.48196891 -0.0464999064218 1604.87831037 5345.09389785 2047.97712177
239 2390 0 0.0 nan 5185.64567003 9513.33379614 4325.90895668 2095.73174156 2054.89500605 0.0377639758094 1605.23058549 5337.19385676 2042.73987638
240 2400 0 0.0 nan 5185.57161874 9513.61129511 4328.06802253 2087.60576189 2062.20448856 0.429153309353 1602.80867714 5350.19752412 2064.75014436
241 2410 0 0.0 nan 5185.59109293 9513.68473326 4327.35475698 2092.80809364 2058.86712852 0.0268929083412 1604.57655336 5333.79993193 2057.94943706
242 2420 0 0.0 nan 5185.63402144 9513.66094113 4326.89905235 2095.1851076 2056.55108794 0.0650735206307 1623.20787994 5322.99754542 2054.88587413
243 2430 0 0.0 nan 5185.56274449 9513.68688407 4326.9234045 2097.01170686 2052.59457917 -0.18040188438 1626.63160677 5330.20579992 2051.25292205
244 2440 0 0.0 nan 5185.62751736 9513.76601051 4326.84767041 2097.83146686 2052.64634474 -0.183872948563 1642.46436147 5326.02048667 2057.46693279
245 2450 0 0.0 nan 5185.61223595 9513.73514832 4328.34615549 2097.38760184 2053.72328947 0.384715335374 1630.14702711 5320.38002795 2058.32674928
246 2460 0 0.0 nan 5185.62718448 9513.64261513 4328.44674559 2096.66789353 2054.02981687 0.163046796 1620.24326681 5345.4930809 2054.35455791
247 2470 0 0.0 nan 5185.54378642 9513.62134933 4327.61008006 2096.7881719 2053.40777102 -0.0190668425104 1620.14941667 5352.0719989 2052.42270389
248 2480 0 0.0 nan 5185.52935852 9513.62544563 4327.91359188 2095.73165841 2053.9666525 0.0126959815116 1620.39320733 5346.93650998 2057.28911402
249 2490 0 0.0 nan 5185.51695097 9513.74770347 4328.05689444 2095.67122746 2054.00451961 -0.236478380077 1619.36552555 5342.70273095 2066.63582174
250 2500 0 0.0 nan 5185.48652818 9513.69754599 4328.90099319 2094.91055555 2053.76381243 0.0152862279986 1615.23273288 5350.56182976 2065.60206486
251 2510 0 0.0 nan 5185.52165046 9513.75345078 4328.29039109 2093.4431551 2055.00282106 0.00383684595495 1608.23185821 5360.50277546 2060.49114328
252 2520 0 0.0 nan 5185.49266537 9513.72673093 4328.36433351 2093.39637914 2054.80536779 -0.0156681147092 1604.21895211 5364.01945799 2058.54785416
253 2530 0 0.0 nan 5185.49791071 9513.7046113 4328.46831401 2092.9718138 2055.37661393 0.128964179995 1602.54131132 5358.10283991 2064.93973412
254 2540 0 0.0 nan 5185.50001419 9513.65926489 4327.55726083 2094.64377298 2053.97851868 0.204131968615 1615.85320933 5348.83574871 2060.37801235
255 2550 0 0.0 nan 5185.49705122 9513.66029368 4327.898934 2096.36925298 2052.32454525 0.203573466244 1614.1108953 5340.09251715 2062.83072852
256 2560 0 0.0 nan 5185.51362481 9513.68764884 4327.90251286 2096.28665579 2052.38573758 0.104340726439 1610.61409084 5339.91905908 2059.25507272
257 2570 0 0.0 nan 5185.52755441 9513.73903835 4327.68124129 2096.5582426 2052.15431488 0.0588972271247 1607.05417784 5341.9620596 2060.05880527
258 2580 0 0.0 nan 5185.51155838 9513.71450135 4327.39028263 2096.69698124 2051.84008673 0.0948987261903 1604.85265692 5344.23694162 2060.82255946
259 2590 0 0.0 nan 5185.50579071 9513.70455204 4328.37164784 2096.84754876 2051.73612953 0.106096804493 1605.3529147 5339.96981358 2060.96038206
260 2600 0 0.0 nan 5185.50964349 9513.7175113 4327.86132493 2096.94055971 2051.56984139 0.110502783527 1609.4906465 5338.73630133 2062.03854839
261 2610 0 0.0 nan 5185.50026873 9513.73745154 4327.78541129 2097.21138753 2051.23032836 0.138385638843 1610.58679141 5339.38441355 2060.49653108
262 2620 0 0.0 nan 5185.50453918 9513.7294949 4327.424517 2097.59442938 2051.13258441 0.130590361932 1610.67142567 5336.82608913 2058.74377051
263 2630 0 0.0 nan 5185.49426309 9513.71064513 4327.1313689 2096.89062159 2051.86495002 0.0904305360578 1610.58219012 5335.76850262 2059.02022744
264 2640 0 0.0 nan 5185.48661735 9513.71941749 4327.22008533 2096.78484145 2052.22855278 0.0588239532319 1608.81878771 5335.35855217 2058.67572624
265 2650 0 0.0 nan 5185.49635317 9513.73498476 4327.5148484 2096.87437296 2051.93157713 0.0397274370717 1610.91089468 5337.28052351 2058.59500182
266 2660 0 0.0 nan 5185.50521411 9513.74383165 4328.16945543 2096.62552124 2052.18834226 0.0848882640753 1611.07218117 5337.5610538 2057.37929832
267 2670 0 0.0 nan 5185.50474201 9513.75503574 4327.94125863 2096.71878137 2051.88691079 0.0137826129444 1608.31972212 5336.79306293 2056.97112777
268 2680 0 0.0 nan 5185.51027277 9513.76454279 4327.98690388 2096.95027402 2051.52574284 0.0416715185458 1609.67964115 5335.71118138 2055.42393064
269 2690 0 0.0 nan 5185.51229854 9513.7643727 4328.10029189 2096.56659504 2051.80993547 0.0170931444263 1609.58864496 5336.85002319 2054.54016866
270 2700 0 0.0 nan 5185.50111323 9513.74631356 4328.20699239 2096.7001047 2051.84427232 0.0144062420402 1610.93030231 5337.17157108 2053.16350952
271 2710 0 0.0 nan 5185.4955077 9513.73914259 4328.17893265 2096.62641524 2051.9314069 0.0720700926414 1610.93290612 5337.54696043 2051.7901113
272 2720 0 0.0 nan 5185.49854094 9513.73361592 4328.507734 2096.66899804 2052.01205334 0.0387680420031 1607.84965427 5339.30495043 2051.37711375
273 2730 0 0.0 nan 5185.4946667 9513.73814229 4328.26738774 2097.12799997 2051.49693887 0.0175971538377 1606.19672513 5339.46380162 2050.91073842
274 2740 0 0.0 nan 5185.48583925 9513.7515341 4328.08796977 2097.0888067 2051.51963932 -0.0107490286828 1605.46166061 5339.74586212 2052.88045016
275 2750 0 0.0 nan 5185.50449257 9513.76163064 4327.93283156 2097.39913766 2051.18481143 0.0480885811517 1604.98820756 5339.19144767 2052.76347892
276 2760 0 0.0 nan 5185.500609 9513.75589929 4327.81903935 2097.10171714 2051.42975167 0.0172544318157 1603.97717017 5341.59778134 2054.12054856
277 2770 0 0.0 nan 5185.49709674 9513.74019357 4328.05950572 2096.99962476 2051.48851113 0.000601853328893 1605.25395491 5340.60704463 2053.52535629
278 2780 0 0.0 nan 5185.4987886 9513.7253466 4328.09172648 2096.96405997 2051.48869028 0.0129607129358 1605.76949956 5340.43865388 2053.26307249
279 2790 0 0.0 nan 5185.50161685 9513.73598929 4328.25744972 2097.07974817 2051.48264697 0.0247937251382 1605.59035034 5339.30774034 2052.4331995
280 2800 0 0.0 nan 5185.50080829 9513.74182984 4328.2305086 2096.84511909 2051.72478712 -0.0154996928396 1605.25366857 5340.25534025 2052.57557865
281 2810 0 0.0 nan 5185.50385527 9513.74676576 4328.27489959 2096.79872391 2051.83551132 0.00442146246743 1604.98169275 5340.15292772 2051.47865645
282 2820 0 0.0 nan 5185.50467243 9513.74445665 4328.17719339 2096.9389494 2051.6559486 0.0103147790063 1604.50852568 5340.50662739 2052.09986149
283 2830 0 0.0 nan 5185.50911156 9513.74578027 4328.07603844 2096.94341827 2051.5819526 0.0158008370424 1604.84694368 5339.97642519 2052.7308015
284 2840 0 0.0 nan 5185.50539149 9513.74281161 4328.13948457 2096.87584509 2051.66145714 0.0142686887137 1604.25166501 5341.3390839 2051.85792314
285 2850 0 0.0 nan 5185.50547835 9513.74539134 4328.11179495 2096.75181429 2051.72994018 0.00959364231944 1604.1615132 5342.10235358 2051.41128417
286 2860 0 0.0 nan 5185.50659248 9513.74095886 4328.22998206 2096.80397558 2051.63777183 0.042972155756 1604.66163091 5341.38869862 2051.1985585
287 2870 0 0.0 nan 5185.50683613 9513.75164934 4328.22012822 2096.86793223 2051.55693081 0.0489021211136 1605.347778 5339.98108591 2051.7347274
288 2880 0 0.0 nan 5185.5040907 9513.7564893 4328.16869439 2096.96767449 2051.48148909 0.0372873224192 1605.36174178 5339.70779993 2051.98033203
289 2890 0 0.0 nan 5185.50590724 9513.75035532 4328.22058154 2096.95677365 2051.53080569 0.0369559495997 1606.83741858 5338.81125997 2051.57215938
290 2900 0 0.0 nan 5185.50775316 9513.74927394 4328.24828487 2096.97310816 2051.45840584 0.0318492423324 1606.54370571 5339.74328243 2050.91814204
291 2910 0 0.0 nan 5185.5084505 9513.75131144 4328.25073904 2096.94375799 2051.52277619 0.015642660269 1606.33689214 5339.66608733 2051.16186415
292 2920 0 0.0 nan 5185.50716822 9513.74657651 4328.24429565 2097.0367908 2051.48158099 0.00128221792532 1606.45787206 5338.89665197 2051.48856329
293 2930 0 0.0 nan 5185.50948096 9513.74919867 4328.23165609 2096.90796765 2051.58549634 0.00709244525809 1607.06051535 5338.69977257 2051.68054329
294 2940 0 0.0 nan 5185.50944567 9513.75171642 4328.21623943 2097.03751133 2051.42626649 0.00874762633097 1606.80279277 5338.7245611 2051.53674308
295 2950 0 0.0 nan 5185.50788309 9513.74796999 4328.20426859 2097.098608 2051.33593342 0.00357368313811 1606.8488891 5339.24137277 2051.24771316
296 2960 0 0.0 nan 5185.50960274 9513.74937787 4328.25960206 2097.02474484 2051.43814258 0.000592549034291 1606.83844059 5339.37736207 2051.39084579
297 2970 0 0.0 nan 5185.50994647 9513.74985114 4328.13883519 2097.14250909 2051.2948765 0.0102432641587 1606.69050275 5339.17924947 2051.46646732
298 2980 0 0.0 nan 5185.509276 9513.74884293 4328.11275068 2097.16066832 2051.24917611 -0.00130979063549 1606.25668708 5339.62417366 2051.67157566
299 2990 0 0.0 nan 5185.51001499 9513.74436766 4328.12606694 2097.09423304 2051.34500066 -0.00594171795711 1606.59061339 5339.13033023 2051.90453039
300 3000 0 0.0 nan 5185.50940373 9513.74538971 4328.16396464 2096.99523551 2051.42025992 0.00427880505897 1606.74257969 5339.10161701 2051.75693155
301 3010 0 0.0 nan 5185.50961709 9513.74617747 4328.19678472 2096.98187524 2051.43296069 -0.00320419911787 1606.1745654 5339.88404215 2051.60114225
