%  columns="iteration, evaluation, sigma, max axis length,  min axis length, all principle axes lengths  (sorted square roots of eigenvalues of C)", seed=1049903, Mon Sep 26 16:38:49 2016
0 0 10000.0 1.00004444543 1.0 1.0 1.00000555557 1.00001111117 1.00001666681 1.00002222247 1.00002777816 1.00003333389 1.00003888965 1.00004444543
1 10 9136.8514685 1.00004444543 1.0 1.0 1.00000555557 1.00001111117 1.00001666681 1.00002222247 1.00002777816 1.00003333389 1.00003888965 1.00004444543
2 20 8367.06597385 1.05712970658 0.942147337705 0.942147337705 0.946527651614 0.981506255008 0.986613704001 0.99001430116 0.993095806671 1.0007148297 1.01603457871 1.05712970658
3 30 7577.33035622 1.09371459792 0.893896311626 0.893896311626 0.929175341577 0.956372907321 0.974909163208 0.9911006147 0.999937471042 1.00598040515 1.00632919486 1.09371459792
4 40 6590.35690422 1.07501057389 0.870134844066 0.870134844066 0.914564513728 0.936277726137 0.961231076149 0.968364113835 0.984995691778 0.999938265814 1.01946808287 1.07501057389
5 50 6233.32643047 1.04406343353 0.87041766431 0.87041766431 0.902136118659 0.920894655594 0.94405445492 0.953852942456 0.971422572112 0.981579540771 1.01700682191 1.04406343353
6 60 6414.37314859 1.05306547415 0.817270618768 0.817270618768 0.89324308141 0.92456541943 0.936071244596 0.959373983171 0.970417952106 0.991955020812 1.02438100752 1.05306547415
7 70 6194.00083489 1.1146620535 0.814450125266 0.814450125266 0.888759602159 0.905499071423 0.916386707723 0.950893300204 0.972919692769 0.98452175593 1.04787882586 1.1146620535
8 80 5772.05162556 1.1108809732 0.778773340624 0.778773340624 0.864119449074 0.88949579157 0.915634803382 0.945937669641 0.979191888816 1.02556421649 1.07134563598 1.1108809732
9 90 5366.09734536 1.12950942363 0.760372296653 0.760372296653 0.845161979807 0.883300303044 0.89344738462 0.924901374058 0.974434040778 1.00526320319 1.09245102027 1.12950942363
10 100 5322.48381658 1.15674693564 0.747840925041 0.747840925041 0.861447736104 0.878551611884 0.896699523533 0.914652553118 0.953082304334 0.980396969662 1.05574930783 1.15674693564
11 110 4895.42948885 1.16700548311 0.726941997704 0.726941997704 0.843968625594 0.864741432714 0.884033334262 0.908470161617 0.962487590907 1.02819684425 1.06492645373 1.16700548311
12 120 4389.81793236 1.14382242403 0.716853574342 0.716853574342 0.823636483335 0.842693708383 0.874840864106 0.900960355123 0.955302332828 1.03845012314 1.07356531417 1.14382242403
13 130 3876.08765997 1.11280479467 0.700520526339 0.700520526339 0.813242850374 0.820004059826 0.869482060673 0.896973466377 0.935808408824 1.02125890484 1.07285756433 1.11280479467
14 140 3461.81418422 1.12119441304 0.679244724043 0.679244724043 0.804711646658 0.821438389708 0.845598092959 0.880173689359 0.927192223993 0.993649676628 1.0599410674 1.12119441304
15 150 3253.17808037 1.12993631644 0.638588483999 0.638588483999 0.787208767241 0.817013689252 0.853564477266 0.881618604542 0.916097930355 0.983307187725 1.07057252023 1.12993631644
16 160 3015.56310389 1.1310051916 0.620963101936 0.620963101936 0.771824346708 0.793975817539 0.846008807229 0.861497351469 0.901285240823 1.00787165184 1.06894182656 1.1310051916
17 170 2969.84724967 1.13795769443 0.604777841453 0.604777841453 0.743497746602 0.790972321169 0.848579261038 0.865624811867 0.888421865716 0.987207217648 1.059906038 1.13795769443
18 180 2948.52008187 1.11377171131 0.57750213084 0.57750213084 0.722286222942 0.774632174593 0.842375329531 0.89781695319 0.921554564467 0.996879435201 1.06822073618 1.11377171131
19 190 2737.16033271 1.11553757094 0.573949576134 0.573949576134 0.716888401874 0.794727610833 0.808631869917 0.887546289522 0.920886435486 1.00420809899 1.07090239906 1.11553757094
20 200 2518.93965265 1.13279867345 0.560774886735 0.560774886735 0.713732931476 0.777943628907 0.795850084495 0.877105725227 0.909378833909 0.981311147038 1.06704465556 1.13279867345
21 210 2231.47782759 1.10012815147 0.545932334594 0.545932334594 0.69948069916 0.766135657717 0.790544834314 0.862503456166 0.924870012749 0.973993661355 1.0866641602 1.10012815147
22 220 2039.1973735 1.08182641232 0.534392681118 0.534392681118 0.693502312847 0.734336853014 0.79120198513 0.858882649783 0.928774160495 0.969713609704 1.06893610157 1.08182641232
23 230 1952.33739681 1.07504800865 0.504068374671 0.504068374671 0.69151396053 0.722723319467 0.795622913469 0.845826343955 0.915197229776 0.975347812182 1.04796154812 1.07504800865
24 240 1845.24820445 1.09201116905 0.488217552096 0.488217552096 0.678568473505 0.720414583856 0.809479388482 0.841028817722 0.895120878747 0.958025952292 1.02588454595 1.09201116905
25 250 1595.56346791 1.10049016443 0.472019410361 0.472019410361 0.665548602477 0.71959733786 0.790856669568 0.859289518159 0.927504388075 0.942791371329 0.995706469271 1.10049016443
26 260 1470.23276874 1.08889162678 0.448383261768 0.448383261768 0.655816733822 0.704199550663 0.772591217727 0.85387748709 0.923333042055 0.955224345732 1.00032907968 1.08889162678
27 270 1406.55904516 1.06483430385 0.43644128303 0.43644128303 0.629524555061 0.700773791314 0.765394240017 0.854900079189 0.912806497353 0.947219366528 0.993349046833 1.06483430385
28 280 1302.42181553 1.06407647841 0.41650127944 0.41650127944 0.606101576557 0.69558455881 0.759579071628 0.835337233359 0.906545475782 0.963261376313 1.0304449256 1.06407647841
29 290 1184.87539056 1.05934380463 0.410301969572 0.410301969572 0.59669209998 0.683244496585 0.756882198111 0.828984198347 0.893202927842 0.955848927937 1.03252957402 1.05934380463
30 300 1062.01642965 1.04264974623 0.395721772307 0.395721772307 0.58732334915 0.673863699996 0.746609438448 0.822646588309 0.879818384484 0.935906158747 1.01580361701 1.04264974623
31 310 929.715042141 1.03698002281 0.381827454369 0.381827454369 0.58013452154 0.666960862098 0.733778500878 0.829410237572 0.861906565003 0.928585352955 0.998148580861 1.03698002281
32 320 857.357180854 1.02458407263 0.369908335651 0.369908335651 0.565667719623 0.638755351865 0.728170322048 0.832242690724 0.855683614291 0.921685015421 0.999189689585 1.02458407263
33 330 790.541558327 1.00498617903 0.358959459971 0.358959459971 0.555961859996 0.62475415742 0.739566696697 0.824541942797 0.84507539974 0.917911078938 0.98897241488 1.00498617903
34 340 771.476849879 1.03915584562 0.348851646355 0.348851646355 0.545563466477 0.612110639196 0.735882459681 0.816995294441 0.830187594221 0.902660138249 0.977994228009 1.03915584562
35 350 736.786009232 1.04775042027 0.343973772665 0.343973772665 0.522379861058 0.594049556032 0.763950320627 0.805565699275 0.823998343187 0.911429006898 0.968940587956 1.04775042027
36 360 675.861015215 1.02317350616 0.337808973148 0.337808973148 0.517979591266 0.579621909704 0.757289586735 0.805474542738 0.809378539056 0.922497016434 0.965631264616 1.02317350616
37 370 664.841395232 1.00077210951 0.336178062642 0.336178062642 0.499513597578 0.570981119912 0.755692561682 0.781561505299 0.799158240497 0.921985079741 0.941621526156 1.00077210951
38 380 643.355560867 0.987542647768 0.331518205301 0.331518205301 0.498663442368 0.557615869737 0.752486849989 0.778860526679 0.792311867885 0.923821156076 0.951151893717 0.987542647768
39 390 641.885638112 0.988874905575 0.324634387051 0.324634387051 0.481485765703 0.544740827186 0.747846040696 0.770878754213 0.827585596981 0.918428232871 0.961457981897 0.988874905575
40 400 631.664547507 1.01016932276 0.314727114169 0.314727114169 0.467219324285 0.547180603073 0.740556272847 0.765032285184 0.817052134203 0.914703770787 0.980597809346 1.01016932276
41 410 663.876095547 1.0351126845 0.306393240693 0.306393240693 0.450441329303 0.536878487678 0.739662177395 0.766640384695 0.798618372758 0.907906741668 0.963983554666 1.0351126845
42 420 660.642207203 1.07401967383 0.299326137097 0.299326137097 0.451255880795 0.52476001757 0.724615151347 0.758225121187 0.795167098998 0.911341325193 0.963599778335 1.07401967383
43 430 683.363784026 1.08010777518 0.291587589482 0.291587589482 0.438076996601 0.505580601559 0.735922066778 0.770994274114 0.808301514212 0.924245789739 0.957136707066 1.08010777518
44 440 691.851990934 1.07634968076 0.283738115139 0.283738115139 0.43550290572 0.488794688075 0.751576366616 0.76578783508 0.796580758244 0.913837615187 1.01381564873 1.07634968076
45 450 712.786331093 1.05370030789 0.272170750067 0.272170750067 0.428997286016 0.486772075284 0.752741844697 0.756007541537 0.824569663046 0.896439329195 1.04139885938 1.05370030789
46 460 712.242789777 1.14609647678 0.270020520865 0.270020520865 0.408228662118 0.481840108834 0.73147375585 0.754400462849 0.821034633369 0.885941485908 1.0374115239 1.14609647678
47 470 681.897450729 1.18543978388 0.252633443132 0.252633443132 0.402908885988 0.478304500475 0.733044395594 0.744454596952 0.804090250396 0.877279474877 1.04838076101 1.18543978388
48 480 645.58429571 1.18982075293 0.248031299027 0.248031299027 0.386319767021 0.485671447669 0.72755477282 0.757361684707 0.801082857161 0.854951530377 1.05689818233 1.18982075293
49 490 630.997526021 1.17198813489 0.240501867046 0.240501867046 0.374428745305 0.485093673924 0.717051024908 0.753230899022 0.779420249594 0.857079154315 1.08585465601 1.17198813489
50 500 586.111653623 1.16194940427 0.238999028686 0.238999028686 0.362392035584 0.477374100861 0.706162294712 0.757012731544 0.773263468405 0.848780351744 1.11012940377 1.16194940427
51 510 539.66206392 1.15372473283 0.233723012007 0.233723012007 0.353391624557 0.470224344846 0.701634757888 0.72591627344 0.772685774341 0.881886129136 1.0926876378 1.15372473283
52 520 505.249159964 1.14579140391 0.228884965995 0.228884965995 0.350075407537 0.459528767122 0.689048563752 0.7150835752 0.755535327283 0.893365915186 1.07128360368 1.14579140391
53 530 487.277653585 1.13118586272 0.220687295228 0.220687295228 0.34593328691 0.449087392742 0.685463953866 0.731299604207 0.753588612727 0.870455402347 1.04870388746 1.13118586272
54 540 454.918171623 1.14393555824 0.219939916069 0.219939916069 0.338051799499 0.433211779402 0.692600745734 0.723242391412 0.752797863659 0.862024975974 1.04188686783 1.14393555824
55 550 405.203496966 1.14303886422 0.213055501851 0.213055501851 0.336034982952 0.42325084866 0.692205903068 0.711740875733 0.749821388436 0.84326484639 1.03492801919 1.14303886422
56 560 362.259184266 1.19263135926 0.208431432489 0.208431432489 0.328147355372 0.414505255128 0.684151344889 0.701041543706 0.749801801466 0.843104230637 1.02244072355 1.19263135926
57 570 355.360473351 1.18870124504 0.199956336126 0.199956336126 0.319879516299 0.41575452693 0.67954133109 0.690786374159 0.737145607362 0.835714445256 1.02029323437 1.18870124504
58 580 309.190598729 1.19849081474 0.195219110516 0.195219110516 0.308774316463 0.412691277059 0.67231921255 0.708867847931 0.737667247797 0.87171188142 1.00400411885 1.19849081474
59 590 293.503205355 1.18681608837 0.191461330767 0.191461330767 0.301825992098 0.403964378175 0.664389160774 0.709848136915 0.739097280594 0.872884616936 0.993069170409 1.18681608837
60 600 283.268274621 1.15561017175 0.187629547424 0.187629547424 0.294052921261 0.398427525699 0.644176659741 0.707146369893 0.726821635188 0.922287708964 1.01322930295 1.15561017175
61 610 256.767182294 1.18607619425 0.185308166629 0.185308166629 0.290081960095 0.393564611499 0.641195836639 0.703470864614 0.733543127079 0.926099371555 1.01417090711 1.18607619425
62 620 237.882931175 1.18708764371 0.178152287275 0.178152287275 0.284974142142 0.387323850498 0.633819988943 0.685163727991 0.726980937637 0.92920770835 0.994614724629 1.18708764371
63 630 221.848572897 1.1856838475 0.17050017428 0.17050017428 0.279833061191 0.379493509194 0.639883455025 0.681691640688 0.710813019431 0.928876565037 1.01893781902 1.1856838475
64 640 198.01407215 1.17888214381 0.167314921866 0.167314921866 0.280922954238 0.377054355012 0.62815574095 0.672190240131 0.700254190472 0.920939262874 1.01250098378 1.17888214381
65 650 187.889926999 1.18463915176 0.163227691403 0.163227691403 0.272980492305 0.373925397973 0.609690043616 0.663998880526 0.692299102287 0.958509104232 1.00774165527 1.18463915176
66 660 177.742303873 1.1623732888 0.157065913519 0.157065913519 0.272696707605 0.369698699796 0.607344164371 0.651620516985 0.69211212106 0.96524357506 1.02662129952 1.1623732888
67 670 164.819336124 1.1542583606 0.146884419091 0.146884419091 0.27332580586 0.383040599069 0.605381267496 0.637820642625 0.690227626254 0.95602760753 1.02229600863 1.1542583606
68 680 147.721430704 1.14720902888 0.146775946026 0.146775946026 0.269672220789 0.375133455011 0.599044177968 0.640093137588 0.700209086177 0.937868647835 1.00029082179 1.14720902888
69 690 146.911220379 1.12932933122 0.144644711294 0.144644711294 0.261348566684 0.368140984559 0.589069246943 0.631844686989 0.695740177268 0.929251501132 1.01271419365 1.12932933122
70 700 171.461722236 1.19080284899 0.135669629756 0.135669629756 0.259261492145 0.371633284475 0.586203554066 0.622143548425 0.689654079147 0.911114706905 1.01566879155 1.19080284899
71 710 157.543982502 1.30902036211 0.133175054817 0.133175054817 0.256019125574 0.376347145027 0.582453319045 0.634055583882 0.680471736491 0.900049884444 1.01387882084 1.30902036211
72 720 140.842560031 1.29096031188 0.130734758025 0.130734758025 0.250304774955 0.376974789487 0.570459992586 0.637406912987 0.666514317591 0.890992447093 1.00559510028 1.29096031188
73 730 143.683190608 1.25803723968 0.128656593993 0.128656593993 0.248085525523 0.374350696236 0.552370088018 0.634846522474 0.664813842561 0.879258741271 0.980319192763 1.25803723968
74 740 145.866263775 1.24851879695 0.125322084006 0.125322084006 0.241493259728 0.399894140755 0.538289873215 0.644651630694 0.65388957467 0.871615016133 0.96636305519 1.24851879695
75 750 143.674088289 1.23840255695 0.125367251623 0.125367251623 0.234276455729 0.405299353909 0.528893349557 0.625867211244 0.68407683101 0.864956011848 0.955724429949 1.23840255695
76 760 137.976265717 1.31031309745 0.122651419662 0.122651419662 0.229122922412 0.401034398118 0.515396684342 0.625549124059 0.689226072778 0.867674038775 0.941497257184 1.31031309745
77 770 125.543932444 1.3328831164 0.121091131806 0.121091131806 0.215797089673 0.405768728777 0.504918124824 0.615830337724 0.706110144049 0.868871973005 0.945537270155 1.3328831164
78 780 115.857457657 1.32218922488 0.117329105052 0.117329105052 0.210652489118 0.402311386988 0.49494492865 0.609852851849 0.704373324738 0.865888914425 0.956278661171 1.32218922488
79 790 110.410309671 1.32785088408 0.114916097195 0.114916097195 0.202674741941 0.406324732703 0.481699876574 0.603709563502 0.684100662727 0.85239236432 0.946913632999 1.32785088408
80 800 116.775241239 1.33151832096 0.110611430496 0.110611430496 0.201279020669 0.396579802357 0.468535480947 0.597790297335 0.717053965515 0.854717438185 0.93540561769 1.33151832096
81 810 122.467795894 1.3364661792 0.10874659266 0.10874659266 0.196442683271 0.397685778272 0.472158243499 0.59234778901 0.737251055806 0.858955286188 0.940336228021 1.3364661792
82 820 121.651321971 1.32445360923 0.104807939223 0.104807939223 0.192223714298 0.394090971566 0.459507553202 0.612240601964 0.729990929423 0.857193635028 0.998319129346 1.32445360923
83 830 117.991597073 1.32539972634 0.100177492759 0.100177492759 0.188340720087 0.390056640035 0.466517280221 0.630345135898 0.718924654013 0.861509324606 1.00177484165 1.32539972634
84 840 116.575424842 1.32189393807 0.0983304782141 0.0983304782141 0.180209869714 0.385153163549 0.4615130853 0.629072151466 0.715457049227 0.854768892098 1.02625704318 1.32189393807
85 850 111.314957445 1.35134920161 0.0967612304994 0.0967612304994 0.178221556485 0.38617682883 0.45963815227 0.618114152869 0.722699857636 0.837799440164 1.01465017289 1.35134920161
86 860 101.29550822 1.32280936821 0.0953828684898 0.0953828684898 0.176104912607 0.377193206609 0.452590707326 0.615131526757 0.714590316021 0.826499937542 1.02997855793 1.32280936821
87 870 98.9212710257 1.31179715927 0.0913229508915 0.0913229508915 0.171018731187 0.370666624685 0.445841707707 0.611942455353 0.706242349029 0.83885591884 1.01775109528 1.31179715927
88 880 100.646029242 1.31497647046 0.0892213718929 0.0892213718929 0.166903770885 0.360515797954 0.438586283729 0.608916056618 0.690476289181 0.870227527045 1.00413072646 1.31497647046
89 890 97.3707473933 1.33707770419 0.0864081565558 0.0864081565558 0.162467584254 0.35710962473 0.428057414729 0.63157483523 0.680400930564 0.87078617814 0.977430071426 1.33707770419
90 900 87.181948194 1.34419470998 0.0840773552844 0.0840773552844 0.159004276736 0.354196446994 0.422530468538 0.625370538822 0.677913991997 0.901238470296 0.949705161923 1.34419470998
91 910 84.5464141873 1.33511477521 0.0851084429244 0.0851084429244 0.154249618593 0.347624313844 0.415602219863 0.621699519186 0.689307440903 0.890341784316 0.937031389691 1.33511477521
92 920 76.6388716486 1.32011831638 0.0838389817172 0.0838389817172 0.150138961784 0.34134318206 0.420017328935 0.622331806238 0.688870782713 0.903196567766 0.944092761295 1.32011831638
93 930 67.4896863737 1.3064220099 0.0821960856981 0.0821960856981 0.146586353303 0.330668775187 0.417760762038 0.620010553393 0.682978179813 0.90115276542 0.940718525973 1.3064220099
94 940 60.1203980668 1.29058156421 0.0811249257831 0.0811249257831 0.142368070693 0.320978181215 0.415781448419 0.628432827891 0.690001028227 0.881485057415 0.947005871574 1.29058156421
95 950 53.7079488992 1.276007322 0.0778931764398 0.0778931764398 0.139759082852 0.318933883268 0.409197665478 0.621196885581 0.683029123732 0.880988378946 0.929877986317 1.276007322
96 960 48.3742569505 1.26739689283 0.0770444259056 0.0770444259056 0.135763152573 0.3153263546 0.396381993384 0.614285740913 0.672123610919 0.86987580759 0.929590816661 1.26739689283
97 970 44.6255601515 1.23803440884 0.075162071726 0.075162071726 0.133724189896 0.310479790454 0.401568457761 0.609909242263 0.659880790808 0.875795156939 0.922192354797 1.23803440884
98 980 42.7536898676 1.21734335308 0.0743230235131 0.0743230235131 0.131804557997 0.307027148981 0.398397883088 0.62034736 0.629993910715 0.869211994607 0.929752041384 1.21734335308
99 990 40.0100616174 1.21960957036 0.0722071106307 0.0722071106307 0.129976415242 0.31744128668 0.38476818138 0.60519727269 0.636546714108 0.866074855428 0.928931779645 1.21960957036
100 1000 38.0443074837 1.20542492846 0.0714573490399 0.0714573490399 0.127026141984 0.322699923717 0.376967370879 0.606383570311 0.630445750446 0.855096087037 0.935221473911 1.20542492846
101 1010 35.0998042981 1.21671409821 0.07038083198 0.07038083198 0.124320882727 0.310259820019 0.371128367987 0.599517021434 0.638385821725 0.850666003001 0.924314611242 1.21671409821
102 1020 33.74125965 1.19192150379 0.069285444259 0.069285444259 0.123174771053 0.306696114208 0.365501432524 0.59099162031 0.630897184296 0.844732780758 0.91971079072 1.19192150379
103 1030 30.4271318304 1.18566376295 0.0677353866866 0.0677353866866 0.119004830994 0.30537769096 0.354453389791 0.578031150267 0.639267837798 0.836589611828 0.93841064787 1.18566376295
104 1040 30.8914900588 1.18551941102 0.0664790921865 0.0664790921865 0.113546921434 0.299139551747 0.350447319447 0.580124308265 0.626057521067 0.83290136123 0.942002736588 1.18551941102
105 1050 28.9349313478 1.19149016811 0.065036459278 0.065036459278 0.111958082055 0.303892263539 0.350132071857 0.557453406571 0.656376769569 0.846550632805 0.934668599199 1.19149016811
106 1060 27.696060164 1.15887462074 0.063965007252 0.063965007252 0.108634157961 0.299026910788 0.34718001421 0.543520852567 0.652367652218 0.845277348037 0.973656614131 1.15887462074
107 1070 26.4910506637 1.21673567243 0.0624556017735 0.0624556017735 0.104805290593 0.306793013308 0.342038832691 0.536907011666 0.672250988244 0.840876408286 0.957917866769 1.21673567243
108 1080 27.4139641081 1.20226994803 0.0612819502406 0.0612819502406 0.103339913083 0.296674531234 0.329755667186 0.53207223032 0.672799817884 0.848915993952 0.971175092611 1.20226994803
109 1090 27.9591989835 1.25520572537 0.0601742088321 0.0601742088321 0.103366900385 0.290401969674 0.329177401603 0.519880484156 0.660402477532 0.85006671796 0.966958037158 1.25520572537
110 1100 30.3565585197 1.29327322081 0.0599866399438 0.0599866399438 0.105713927195 0.283538931954 0.328772942858 0.521293368634 0.642386981096 0.857415060965 0.955910628461 1.29327322081
111 1110 31.3078002029 1.3250452689 0.0594232950577 0.0594232950577 0.103402270092 0.284866616336 0.329324135528 0.532663429782 0.6540550186 0.858458799629 0.976743904013 1.3250452689
112 1120 30.7325667073 1.37863076107 0.0583805076596 0.0583805076596 0.10127771961 0.27833439156 0.32379011009 0.521944399531 0.64315835073 0.846617491668 0.976614271783 1.37863076107
113 1130 30.8445892185 1.40742769885 0.0568258077035 0.0568258077035 0.100846593858 0.274061162162 0.312832784398 0.527581613255 0.651192723847 0.83592604875 0.975478683433 1.40742769885
114 1140 28.1723292555 1.42296285102 0.0552029595492 0.0552029595492 0.0989601957859 0.264952673151 0.30990573791 0.523620660196 0.67382368789 0.846929144867 0.958863506383 1.42296285102
115 1150 28.2109304597 1.42404951878 0.0537746835491 0.0537746835491 0.0935446632019 0.259750772221 0.303059065782 0.516405527648 0.682048038588 0.858881740743 0.967037136493 1.42404951878
116 1160 27.8021403707 1.43812281848 0.0522191440535 0.0522191440535 0.0924170849237 0.258433642725 0.299018135124 0.533133864026 0.671070201604 0.867551096116 0.959932038456 1.43812281848
117 1170 28.3619992635 1.49988260774 0.0513380600904 0.0513380600904 0.0910904527429 0.259053186431 0.296549583711 0.519497605038 0.665909298646 0.861476878046 0.947378898443 1.49988260774
118 1180 29.1252193555 1.57847753811 0.0488482213782 0.0488482213782 0.0878893132365 0.258631917835 0.293631375478 0.516448797092 0.664935106289 0.866254121422 0.922041825319 1.57847753811
119 1190 30.841220118 1.69713201641 0.0460673745223 0.0460673745223 0.0862993821544 0.252446784051 0.29157001483 0.52292783451 0.657370809027 0.852057330225 0.912784903614 1.69713201641
120 1200 28.2236503145 1.79487327456 0.0449735735072 0.0449735735072 0.0854189891717 0.24574288777 0.296257080889 0.51726394067 0.647894963533 0.853561364375 0.89616244785 1.79487327456
121 1210 26.7044296176 1.86889006688 0.043697620746 0.043697620746 0.0838953208323 0.240905181118 0.29059242972 0.508519487057 0.642385977065 0.840566918477 0.889297482577 1.86889006688
122 1220 24.1379390574 1.86244851642 0.0432508404021 0.0432508404021 0.0826190923548 0.237075221812 0.287985790041 0.515205255264 0.635135393419 0.830299729739 0.879844039094 1.86244851642
123 1230 22.5983066208 1.85895357021 0.0433350431477 0.0433350431477 0.0806700573339 0.23391952023 0.279835465984 0.51171407553 0.615496105444 0.819227942331 0.884333928145 1.85895357021
124 1240 19.3298279908 1.86353629576 0.0425568622202 0.0425568622202 0.0780779205595 0.235035152949 0.277472156059 0.502484162885 0.609185656844 0.818794158932 0.905986601984 1.86353629576
125 1250 18.1065497417 1.79097957513 0.0418326246765 0.0418326246765 0.0752581692375 0.230882925562 0.273155694778 0.501579576353 0.602250729202 0.814615728184 0.906895159567 1.79097957513
126 1260 16.0422312198 1.82611511075 0.041067366249 0.041067366249 0.0743770478329 0.227545721617 0.270124167741 0.49243135273 0.596133978872 0.800490235275 0.911681704874 1.82611511075
127 1270 15.8203484556 1.85418989602 0.0392416096278 0.0392416096278 0.0730741508394 0.225753578926 0.262815394977 0.485803089709 0.59835782199 0.793336628571 0.905495337247 1.85418989602
128 1280 15.8299090319 1.83880431659 0.0394218462071 0.0394218462071 0.0717555326758 0.220245738071 0.259065105362 0.477357283215 0.588089192742 0.784553237755 0.942500702372 1.83880431659
129 1290 16.8165141678 1.89029309604 0.0385130621851 0.0385130621851 0.0708312455582 0.217047353963 0.246882264538 0.478838104355 0.581203164821 0.779579759138 0.950420899624 1.89029309604
130 1300 17.9453293992 2.00537549965 0.0379738145753 0.0379738145753 0.0702195950998 0.213274102783 0.247241242856 0.481053506606 0.572441875403 0.753062177195 0.938668922852 2.00537549965
131 1310 18.2032051577 2.14522126049 0.0385714838429 0.0385714838429 0.0684857352503 0.210748624923 0.244451760839 0.467077432028 0.563040413356 0.736327397717 0.942975124032 2.14522126049
132 1320 19.7651820974 2.16249210813 0.0379158469352 0.0379158469352 0.0682809098895 0.205055796561 0.241777514761 0.461640747667 0.560568127812 0.722360629247 0.954609079311 2.16249210813
133 1330 19.1162240028 2.30353523211 0.0367928491318 0.0367928491318 0.0675015598071 0.198049763106 0.249577509417 0.468529477489 0.550227675489 0.718868466406 0.963326435249 2.30353523211
134 1340 19.0161923656 2.28511721042 0.0360604104313 0.0360604104313 0.0662453311589 0.197362032664 0.240366348584 0.477197918863 0.55213823259 0.73104780427 0.969692736985 2.28511721042
135 1350 17.4872078763 2.2526830279 0.0352786478992 0.0352786478992 0.0654485898975 0.190880538478 0.238183545207 0.482992177579 0.541661067569 0.724862802338 0.996709746979 2.2526830279
136 1360 15.4890462912 2.27512411385 0.0343044562581 0.0343044562581 0.0644017521449 0.185005887415 0.236852297568 0.486305645445 0.539507942527 0.715483827191 0.975727125013 2.27512411385
137 1370 13.6862838639 2.24542479016 0.0338197272072 0.0338197272072 0.0634221054986 0.181388594229 0.23214051419 0.476741919874 0.529229973491 0.70999348874 0.975912401018 2.24542479016
138 1380 13.1127335899 2.1795403868 0.0342239621573 0.0342239621573 0.061770834751 0.180001126402 0.228195343108 0.477440294392 0.530972240517 0.69405679158 0.989201344516 2.1795403868
139 1390 12.9830303871 2.18472978632 0.0339376123976 0.0339376123976 0.0608223203131 0.177581074852 0.226873998776 0.476776709591 0.527299923564 0.674964670101 0.979256676276 2.18472978632
140 1400 12.1717107172 2.16616290491 0.0333676774492 0.0333676774492 0.0612365144593 0.176607926484 0.226860368674 0.481046301642 0.523039560271 0.710507501806 0.971889477111 2.16616290491
141 1410 11.6673970281 2.09273710244 0.032533754122 0.032533754122 0.060475368361 0.180183920249 0.220566024542 0.484979614921 0.515699863965 0.708747064704 0.971234526104 2.09273710244
142 1420 11.4798285682 2.08851187343 0.0311489923438 0.0311489923438 0.0574574752158 0.178248071081 0.221668184213 0.486758386442 0.536654817486 0.698022655717 0.964041268029 2.08851187343
143 1430 11.7773902141 2.08239575798 0.0310372014172 0.0310372014172 0.0558045304795 0.175585231344 0.218930593364 0.478134838486 0.535418353364 0.704960013619 0.964594278402 2.08239575798
144 1440 12.119833996 2.07735782119 0.0302104600455 0.0302104600455 0.0551361847761 0.173844166198 0.211346225744 0.472624785161 0.549366070057 0.699953334334 0.999878127282 2.07735782119
145 1450 11.7837166198 2.1766837533 0.029006324064 0.029006324064 0.0545557022887 0.168534082483 0.209396423875 0.464756808902 0.560496836232 0.702535797379 1.00265603126 2.1766837533
146 1460 11.4332529414 2.23625424778 0.0278849868915 0.0278849868915 0.0543208217846 0.165680442472 0.205899022543 0.461577090166 0.553467951437 0.694676737941 0.989710013766 2.23625424778
147 1470 10.9078055198 2.19716404065 0.0274935151646 0.0274935151646 0.0525530978191 0.163166081691 0.200250911297 0.461978888734 0.561521295851 0.70314175519 0.992160841034 2.19716404065
148 1480 10.4625445018 2.2492147566 0.0271927317878 0.0271927317878 0.0519963007636 0.160536770749 0.192015714004 0.454430718219 0.549927944715 0.707556166231 0.984786613913 2.2492147566
149 1490 10.1403633322 2.26238749632 0.0266090313727 0.0266090313727 0.0513940825905 0.161402302278 0.189645099613 0.44255075175 0.550804916004 0.695344438768 0.974545309955 2.26238749632
150 1500 9.18782668981 2.35235887989 0.0263332146867 0.0263332146867 0.0506918318405 0.152108269362 0.189211237135 0.433034256743 0.546755979322 0.706577060322 0.970241918303 2.35235887989
151 1510 7.93242199053 2.32985347239 0.025627753799 0.025627753799 0.0483431692183 0.150385946525 0.187027310797 0.426404713737 0.554855686764 0.700269850091 0.958580489503 2.32985347239
152 1520 7.49426151972 2.31628948203 0.0245224203962 0.0245224203962 0.0476708784318 0.149595013674 0.184758862792 0.419859554542 0.544852842233 0.689964072778 0.964283465433 2.31628948203
153 1530 7.10547263848 2.29309869556 0.0245459599381 0.0245459599381 0.0472684630346 0.146981009784 0.185381582443 0.42114526016 0.52973623597 0.669309297269 0.975478476335 2.29309869556
154 1540 7.05460396844 2.28027596565 0.0241905955916 0.0241905955916 0.0461236392184 0.145329061005 0.183350382757 0.408450714455 0.515880391048 0.664342083955 0.975058878815 2.28027596565
155 1550 6.88193205161 2.25163711233 0.0237362412771 0.0237362412771 0.0452547564775 0.145343735152 0.183864727553 0.4091812879 0.526800853794 0.662074088197 0.953951986578 2.25163711233
156 1560 6.24129877431 2.2127850252 0.0231725874802 0.0231725874802 0.04552201497 0.142410598759 0.185740310433 0.399568378129 0.541310379659 0.64146003763 0.962858752121 2.2127850252
157 1570 5.79246651613 2.16665363178 0.0228160731285 0.0228160731285 0.0452175251908 0.140140409264 0.183486863272 0.391917236092 0.533878334535 0.634069302117 0.960856425878 2.16665363178
158 1580 5.67393758154 2.14145761639 0.0223937900823 0.0223937900823 0.0453738958291 0.137638663255 0.182116673411 0.389628870822 0.528209842302 0.629526861663 0.947068868426 2.14145761639
159 1590 5.69620068315 2.18069273664 0.0219384541538 0.0219384541538 0.0455990939541 0.137039536721 0.175703790476 0.384076832114 0.530694058966 0.637384928194 0.948087653398 2.18069273664
160 1600 6.61175435381 2.28393134712 0.0218473643634 0.0218473643634 0.0441470120364 0.136612607419 0.176428732618 0.376156587121 0.520748618655 0.625626795169 0.941920163947 2.28393134712
161 1610 7.92548597139 2.55220265518 0.0214582557123 0.0214582557123 0.0438276927513 0.134811625642 0.178346310109 0.372689131235 0.531701402365 0.623905016619 0.936563225334 2.55220265518
162 1620 8.91383632864 2.69414767281 0.0213308935913 0.0213308935913 0.04352574665 0.131749198063 0.179000354316 0.371343004807 0.525929487874 0.649271789492 0.93196793284 2.69414767281
163 1630 10.1533538027 2.82883687983 0.0211340116312 0.0211340116312 0.0433174789189 0.126761925088 0.175083513037 0.386618435413 0.51529078747 0.636947506117 0.917919831309 2.82883687983
164 1640 13.2646793249 2.97246456473 0.0211112756489 0.0211112756489 0.042689072675 0.125078780926 0.173003163933 0.387029361686 0.501241949662 0.656691070693 0.90681703953 2.97246456473
165 1650 16.7877759325 3.20284528826 0.0210889915822 0.0210889915822 0.0421470336508 0.12260007181 0.172625773622 0.384324594889 0.492994620667 0.658074108571 0.904271689612 3.20284528826
166 1660 20.7037936935 3.3217076397 0.020920662755 0.020920662755 0.0406688729105 0.121010846346 0.171838327659 0.379006187275 0.485963991166 0.664544382781 0.894190781865 3.3217076397
167 1670 27.3558120408 3.37491999871 0.0219848814025 0.0219848814025 0.0405775178674 0.120105979061 0.172454049181 0.361897926844 0.472380827491 0.662171828891 0.892963417508 3.37491999871
168 1680 34.9714313264 3.50436900062 0.0218697846221 0.0218697846221 0.040613194348 0.118578195797 0.168518070925 0.354767474369 0.468664777232 0.653775714351 0.894177643677 3.50436900062
169 1690 42.7634901288 3.46485845799 0.0212566839065 0.0212566839065 0.0400234338641 0.118539356682 0.168122642541 0.349005976586 0.464890953492 0.670673292346 0.899556637334 3.46485845799
170 1700 56.8114669067 3.52977999923 0.0207306881266 0.0207306881266 0.0392728898794 0.11599843005 0.166749868161 0.345275016329 0.462076662974 0.66797000604 0.889532933831 3.52977999923
171 1710 81.9300954044 3.61036570177 0.020591103567 0.020591103567 0.037833018575 0.116760097936 0.161863586208 0.34904076259 0.461065117857 0.669909649365 0.885720482053 3.61036570177
172 1720 107.55962361 3.77815137553 0.0204303426538 0.0204303426538 0.0372925960661 0.112216474599 0.166490847755 0.347930111934 0.467510422648 0.666814930379 0.871564106738 3.77815137553
173 1730 134.458764322 3.71520804632 0.0202867921825 0.0202867921825 0.0370435515976 0.110640915313 0.162842845381 0.340915145385 0.483074249243 0.666467636346 0.86357991689 3.71520804632
174 1740 170.10806854 3.75662499216 0.0205953353198 0.0205953353198 0.0367268661136 0.107058245956 0.163919265629 0.333453311424 0.488827046692 0.660808488029 0.868248633441 3.75662499216
175 1750 198.376289412 3.7753351622 0.020035116442 0.020035116442 0.0369552485926 0.107543304417 0.162430718611 0.328579843443 0.488324597281 0.653679925107 0.887689177392 3.7753351622
176 1760 225.644340715 3.69210418778 0.0198096224989 0.0198096224989 0.0358808252173 0.10779494893 0.160685209196 0.33360840411 0.493257617314 0.654546375802 0.886705088222 3.69210418778
177 1770 261.806302259 3.74958750553 0.0194114383104 0.0194114383104 0.0342722515674 0.105588472654 0.15507064373 0.331547526548 0.500071778227 0.658744732504 0.893108746772 3.74958750553
178 1780 299.548913755 3.76778030498 0.0190791582588 0.0190791582588 0.0339663296285 0.10234319277 0.151335986695 0.334964956248 0.497338054016 0.68545408719 0.88478647184 3.76778030498
179 1790 322.371447756 3.78618448663 0.0187722635523 0.0187722635523 0.0327044322461 0.10050928735 0.150147842134 0.346398014519 0.494249804415 0.696748752805 0.888485616479 3.78618448663
180 1800 359.27790675 3.79061869372 0.0184589709931 0.0184589709931 0.0325845315082 0.0990688918596 0.145622398919 0.347908190422 0.491211536496 0.695526434636 0.875483090734 3.79061869372
181 1810 385.298594791 3.86710681426 0.0180780400872 0.0180780400872 0.0315741366721 0.0973312904083 0.142177386727 0.347459099538 0.49722470237 0.738775841485 0.863848932769 3.86710681426
182 1820 404.539609965 3.82073100308 0.0174468881252 0.0174468881252 0.031362442596 0.0955683267219 0.139049624001 0.345873242717 0.493450236001 0.772783033582 0.912421833692 3.82073100308
183 1830 430.948205072 3.70223087208 0.0170383420099 0.0170383420099 0.0313497281979 0.0950330628546 0.137999833972 0.333550632511 0.490267599349 0.826431743433 0.914856354105 3.70223087208
184 1840 426.813036613 3.62636188044 0.0173257156862 0.0173257156862 0.030385368648 0.0947253924128 0.135670828842 0.329473447454 0.497461621116 0.844622679136 0.918359809767 3.62636188044
185 1850 406.835284817 3.5767402382 0.0171755804422 0.0171755804422 0.0303100756967 0.0921236609506 0.135241691796 0.324287708574 0.479411876608 0.838367086725 0.941465292905 3.5767402382
186 1860 396.98907645 3.51545186084 0.0168718639194 0.0168718639194 0.0297755118928 0.0902407834636 0.13395989998 0.320997561799 0.471981014377 0.850117139443 0.967123440277 3.51545186084
187 1870 355.636512775 3.41145230374 0.0164675486603 0.0164675486603 0.0296663924887 0.0898480639762 0.138758650645 0.319294874671 0.464902780685 0.863672911958 0.949401460202 3.41145230374
188 1880 315.160923725 3.35327046384 0.0162836831493 0.0162836831493 0.0286955690946 0.090333924888 0.139337842621 0.31614388612 0.454735112084 0.857927176727 0.929527658717 3.35327046384
189 1890 304.8225529 3.21079358055 0.0161580513187 0.0161580513187 0.0279273781465 0.0915128543157 0.140176675027 0.315627793571 0.451212544916 0.845428222283 0.980282165534 3.21079358055
190 1900 286.700831003 3.17847276173 0.0160018514288 0.0160018514288 0.0279062313098 0.0906057349684 0.134548131572 0.311252325499 0.43269225916 0.883784673097 0.981257382429 3.17847276173
191 1910 291.724933781 3.08806673686 0.0159188016438 0.0159188016438 0.0275534817055 0.086971542104 0.138533000743 0.312959575204 0.42476267994 0.874582154645 0.990373044908 3.08806673686
192 1920 277.075569381 3.00121341978 0.0156241498176 0.0156241498176 0.0272785795458 0.0851894183794 0.135878406738 0.311120163354 0.419282608651 0.895604323597 1.02099870316 3.00121341978
193 1930 245.723418295 2.88435875893 0.0155134380465 0.0155134380465 0.0272809975263 0.083725227253 0.13531831867 0.307505105215 0.415625863103 0.889135030203 1.03078935962 2.88435875893
194 1940 215.581821856 2.86067636856 0.0152189332524 0.0152189332524 0.026918142081 0.0826213589143 0.13155206527 0.297915582225 0.408230514049 0.883623070133 1.04988964968 2.86067636856
195 1950 202.365567409 2.7225814236 0.0150803512486 0.0150803512486 0.0268811998403 0.0809175404253 0.130127642288 0.292553377751 0.398391318192 0.865843150529 1.05705721886 2.7225814236
196 1960 182.985888788 2.65384883154 0.0149090421018 0.0149090421018 0.0266605614241 0.0790137719962 0.130921821012 0.289454727861 0.397523280023 0.868181954239 1.04056101434 2.65384883154
197 1970 170.987540281 2.62453263392 0.0146701258165 0.0146701258165 0.0261740359172 0.0788074259934 0.127850002632 0.28193411086 0.396679862282 0.850300161507 1.03700576156 2.62453263392
198 1980 163.89588514 2.57355779886 0.0143210316427 0.0143210316427 0.0257624053031 0.0795557949769 0.127078831345 0.279428593398 0.395982768903 0.839968386545 1.02745788251 2.57355779886
199 1990 151.875201002 2.55663302868 0.014188088507 0.014188088507 0.0251008435498 0.0780065036768 0.128392279193 0.278062096875 0.384979035001 0.861861247409 1.02235681084 2.55663302868
200 2000 153.089775898 2.52612463808 0.0139052604138 0.0139052604138 0.0241707897731 0.0765801393423 0.126903923619 0.274621035303 0.393758749425 0.838827951122 1.05320368833 2.52612463808
201 2010 155.230168702 2.4996501217 0.0139453663533 0.0139453663533 0.0236524417449 0.0758863055364 0.124909210634 0.269582777529 0.388111494596 0.870009268839 1.05789707025 2.4996501217
202 2020 153.816708658 2.42112742428 0.01365948651 0.01365948651 0.0236408870113 0.0747324454641 0.126568187853 0.273470133743 0.380544049044 0.878583848146 1.06172229864 2.42112742428
203 2030 145.365924555 2.38844949871 0.0136567870449 0.0136567870449 0.0229358312497 0.0731558071537 0.1287758365 0.273824581851 0.375644187592 0.876510141124 1.05205628246 2.38844949871
204 2040 130.655400181 2.31299460691 0.0135960614983 0.0135960614983 0.0224645471538 0.0721065764643 0.127946865711 0.269959813634 0.374102005502 0.871620331611 1.04911973665 2.31299460691
205 2050 121.093320088 2.31576244919 0.0134465000144 0.0134465000144 0.0215853730324 0.0709950995396 0.126671866228 0.260440028615 0.374846047332 0.879346034167 1.05901487719 2.31576244919
206 2060 107.794918559 2.28077481751 0.0132101007156 0.0132101007156 0.0219217743346 0.0699769537239 0.127198009833 0.263356817461 0.355773916418 0.891382534485 1.06600537061 2.28077481751
207 2070 107.099666144 2.24714479023 0.0126595268828 0.0126595268828 0.021709494055 0.068530713662 0.125411168968 0.256043876014 0.354429304963 0.877454660939 1.05581152526 2.24714479023
208 2080 98.689293065 2.22224460125 0.0124025139311 0.0124025139311 0.0216874264295 0.0669931430978 0.127274961466 0.249459089584 0.358511224706 0.903322950372 1.05372442084 2.22224460125
209 2090 97.1015032255 2.17863663098 0.0121893565659 0.0121893565659 0.0211365247274 0.0652057477871 0.129760199763 0.242805207109 0.353745506433 0.895981848393 1.04106484047 2.17863663098
210 2100 86.3307698532 2.14923762025 0.0119464081387 0.0119464081387 0.0204345318764 0.0637096450431 0.127923399163 0.240283222937 0.358620405868 0.911869190119 1.03572628988 2.14923762025
211 2110 75.5352189509 2.15057441877 0.0119430377144 0.0119430377144 0.0200569655059 0.0632140043644 0.123955592056 0.236378400371 0.359859403592 0.896724259686 1.03382637728 2.15057441877
212 2120 72.2507374709 2.0859327246 0.0113924418835 0.0113924418835 0.0195761206129 0.0630949060872 0.124402940028 0.236613755925 0.361293840895 0.872530352853 1.02543359195 2.0859327246
213 2130 67.6755332818 2.03064140306 0.0110078524527 0.0110078524527 0.019150473883 0.0627920730378 0.127401528425 0.23858914572 0.361273150626 0.857412238515 1.02133464455 2.03064140306
214 2140 61.2880458367 1.97471833585 0.0109769231547 0.0109769231547 0.0188752777935 0.0618001037674 0.126120929549 0.233942811715 0.364329895245 0.857153131688 1.05306259177 1.97471833585
215 2150 58.6702861459 1.84366443962 0.0109934472382 0.0109934472382 0.0188531154062 0.0608230849115 0.126360698559 0.231808539532 0.361803909132 0.847311723707 1.05159948532 1.84366443962
216 2160 55.5331381573 1.83580321316 0.0110464467693 0.0110464467693 0.0185924233747 0.056778889464 0.125401889871 0.234782676739 0.36339338921 0.833898181252 1.07005254818 1.83580321316
217 2170 50.6442602906 1.81254191752 0.0111075782501 0.0111075782501 0.0180197984319 0.0558320729055 0.127427677417 0.230522032693 0.357653191792 0.829449466198 1.07744959588 1.81254191752
218 2180 46.0466336939 1.79642833637 0.0109596315925 0.0109596315925 0.017555985815 0.0540989629932 0.124597280876 0.228340869535 0.35341915771 0.8283692229 1.06983434433 1.79642833637
219 2190 45.2325543306 1.7375670233 0.010887552355 0.010887552355 0.017011986369 0.053176918652 0.124001739435 0.22992621374 0.351478469388 0.810673108493 1.06305769073 1.7375670233
220 2200 44.396338204 1.67604731149 0.0106577043744 0.0106577043744 0.0172094022172 0.0526232646507 0.123322335295 0.229840030087 0.358551844516 0.846487299247 1.06226853138 1.67604731149
221 2210 44.4020080296 1.63880602116 0.0105470852183 0.0105470852183 0.0169595219399 0.0524285548376 0.121640890325 0.231104800414 0.354166661823 0.840893609991 1.06341058097 1.63880602116
222 2220 47.647740415 1.60623577316 0.010365343805 0.010365343805 0.0168013208485 0.0515498060995 0.119401863817 0.237601020714 0.350743544064 0.850686414806 1.06462062688 1.60623577316
223 2230 48.5487035188 1.61035510632 0.0101792275672 0.0101792275672 0.016681788597 0.0517308556332 0.12292909771 0.241362585039 0.358705216666 0.844640983323 1.05276050401 1.61035510632
224 2240 52.6579169553 1.59914445393 0.0100389585271 0.0100389585271 0.0163609290462 0.0515627425826 0.124129297044 0.238661303673 0.36552551435 0.833156133369 1.0375969194 1.59914445393
225 2250 51.663151262 1.58330981634 0.00974011532668 0.00974011532668 0.0161947672597 0.0523441830982 0.129790319347 0.238419546601 0.366224970802 0.839120510297 1.01421825935 1.58330981634
226 2260 50.2541442851 1.59522030707 0.00966173854193 0.00966173854193 0.0159274167917 0.0510551630346 0.125963776529 0.239930851569 0.360298725403 0.850913644884 1.01924601544 1.59522030707
227 2270 51.4773433238 1.55807943438 0.00955955586928 0.00955955586928 0.0159459807709 0.0496636062669 0.125916429564 0.239231484994 0.356607278352 0.841474512986 1.02842144903 1.55807943438
228 2280 50.2362670541 1.53849664277 0.00947548570067 0.00947548570067 0.0156035207462 0.048897708738 0.121632035186 0.238334766123 0.357889038099 0.84285162513 1.07308193132 1.53849664277
229 2290 47.5548070088 1.52118408688 0.00934385474592 0.00934385474592 0.0153714640865 0.0487208230013 0.121061139298 0.236219934828 0.359226179569 0.82119262465 1.07083151316 1.52118408688
230 2300 41.5452428573 1.51374029762 0.00912666702298 0.00912666702298 0.0152202654386 0.0491975551513 0.118997184574 0.231347053664 0.358386372743 0.808281236093 1.06095360811 1.51374029762
231 2310 37.9644655618 1.51540566082 0.00890131423356 0.00890131423356 0.0150074573215 0.0492479647486 0.115102882068 0.227090755927 0.355035509266 0.799742445901 1.05660427708 1.51540566082
232 2320 36.1676082934 1.49854403068 0.00868473337968 0.00868473337968 0.0150059190939 0.0487114526521 0.11309056498 0.22040422013 0.349939239527 0.790507715755 1.06154073998 1.49854403068
233 2330 31.354662956 1.48299546828 0.00886721394923 0.00886721394923 0.0147711068572 0.0488531282383 0.110162294031 0.215623313917 0.347044316981 0.793650721835 1.05013661889 1.48299546828
234 2340 27.9194008055 1.42750253612 0.00858383936478 0.00858383936478 0.0145829320224 0.0481983737754 0.107203778051 0.213193509354 0.345000131783 0.786216086725 1.05127554488 1.42750253612
235 2350 27.0676051245 1.40352633091 0.00848383675677 0.00848383675677 0.0143337725332 0.0478323535638 0.103402693018 0.212785654865 0.332424348731 0.783412634689 1.07024066879 1.40352633091
236 2360 24.6350224567 1.39273873607 0.00832694048483 0.00832694048483 0.0140309034232 0.0475965698306 0.100544879188 0.210946312991 0.330520288255 0.767871242877 1.10793557775 1.39273873607
237 2370 24.419602101 1.37165739589 0.0082212815802 0.0082212815802 0.0138749371333 0.0468913086194 0.0976671301488 0.210875817203 0.32490914839 0.76807846827 1.10860632484 1.37165739589
238 2380 23.4089510912 1.37414683147 0.0082280601987 0.0082280601987 0.0135604789055 0.0462577984411 0.0954303359221 0.208309232402 0.322638077294 0.78118156319 1.12264934947 1.37414683147
239 2390 21.2171207215 1.34315381136 0.0081169653115 0.0081169653115 0.0133205753748 0.0446602946861 0.0967144852925 0.206836325382 0.315772228975 0.774840514662 1.12534193692 1.34315381136
240 2400 19.0939246054 1.28415443882 0.00796533562585 0.00796533562585 0.0133842166227 0.0439050929404 0.0978123274045 0.203338754783 0.306120451851 0.7746848565 1.11479638345 1.28415443882
241 2410 16.9053108839 1.2612568191 0.0077667742783 0.0077667742783 0.0134355842999 0.0436540000631 0.0958454149569 0.197915102871 0.3041895832 0.779313424774 1.12520140097 1.2612568191
242 2420 15.7936351391 1.24402237803 0.00767320587108 0.00767320587108 0.0130667167994 0.0431276058236 0.0969477891296 0.196586908785 0.293151851275 0.784144357234 1.138958751 1.24402237803
243 2430 15.0572935993 1.22132114252 0.00753685137322 0.00753685137322 0.012875819435 0.042469983768 0.096944735954 0.191693686898 0.287994798493 0.778100448349 1.15894051954 1.22132114252
244 2440 15.0658368625 1.2132285858 0.00754472216275 0.00754472216275 0.0127709147678 0.0421781479742 0.0962963042445 0.192809855887 0.293229487571 0.742802669207 1.13781659286 1.2132285858
245 2450 13.5890914252 1.21380687171 0.00748874245941 0.00748874245941 0.0125482730399 0.0420699065604 0.0957538713192 0.190724393022 0.283729567797 0.739110628209 1.14666498401 1.21380687171
246 2460 13.2171224636 1.21081376571 0.0074447705047 0.0074447705047 0.0122316469568 0.0421367289539 0.0936470938458 0.185965111305 0.281719366238 0.727283642845 1.14742960991 1.21081376571
247 2470 12.8402396774 1.26791942628 0.00737340626253 0.00737340626253 0.0120707220981 0.0411514042106 0.0913525220369 0.184912052854 0.285282649061 0.731668925366 1.12236547342 1.26791942628
248 2480 11.3984012152 1.29123202934 0.00735639625781 0.00735639625781 0.0118205535787 0.0408032371478 0.0905613181244 0.179431978168 0.28893000811 0.733368403775 1.10387055667 1.29123202934
249 2490 10.7628140187 1.26120437122 0.00733750915674 0.00733750915674 0.0115267941684 0.0398771180201 0.0894261949071 0.175742088541 0.283681292804 0.719796137747 1.08798849522 1.26120437122
250 2500 10.3194767028 1.25979685515 0.00731575447975 0.00731575447975 0.0116340615337 0.0395804980978 0.087854666302 0.167562648855 0.280105041228 0.720689414373 1.06434251247 1.25979685515
251 2510 10.0408743276 1.23905878701 0.00727360342071 0.00727360342071 0.0114919942849 0.039124324049 0.0868429004822 0.167244304681 0.27496464044 0.722620261604 1.02994558387 1.23905878701
252 2520 9.53655859214 1.27048174761 0.00708311253902 0.00708311253902 0.0115027920181 0.0384203973863 0.0854611846401 0.164714841935 0.268895422993 0.712135729235 1.02685875487 1.27048174761
253 2530 8.64237211058 1.31114708208 0.00695833388443 0.00695833388443 0.0113519620837 0.0375701715688 0.0861671775397 0.159061177603 0.261772702152 0.70609365428 1.00214818934 1.31114708208
254 2540 8.04601080233 1.28125476383 0.00684792831805 0.00684792831805 0.0111601206905 0.0370476679562 0.0847791314616 0.155230685978 0.261999990945 0.698222042466 0.994823311357 1.28125476383
255 2550 7.78986591176 1.29717972063 0.00654521832472 0.00654521832472 0.0112970180977 0.0378415337303 0.0836363836842 0.153391408459 0.265774698858 0.686826187652 1.00242696263 1.29717972063
256 2560 7.29012310583 1.30890338845 0.00643292999723 0.00643292999723 0.0110630815654 0.0378318358172 0.0822049716051 0.150332085911 0.262833724148 0.683591154749 0.996309981983 1.30890338845
257 2570 6.69146559507 1.2825816944 0.0063173735278 0.0063173735278 0.0109360118427 0.0372236011461 0.0826532225432 0.147022498796 0.258832992043 0.690445915756 0.972623301453 1.2825816944
258 2580 6.01713058613 1.25429442739 0.0062106330991 0.0062106330991 0.0107681559346 0.0367440313489 0.0816550818524 0.14497683547 0.259231437915 0.676624497915 0.967296296467 1.25429442739
259 2590 5.47459644646 1.22819134945 0.00616007964405 0.00616007964405 0.010670944812 0.0356845385013 0.0796754425517 0.142581652772 0.259331238512 0.680760015027 0.954257659595 1.22819134945
260 2600 4.68191646182 1.2138418179 0.00604233454281 0.00604233454281 0.0104977896039 0.0346872504791 0.0774927076481 0.145290514505 0.253439077146 0.675054891926 0.938798398113 1.2138418179
261 2610 4.13361222932 1.23600076049 0.00597040592921 0.00597040592921 0.0103462547342 0.0344084601644 0.0757945349017 0.140908248732 0.254099891873 0.652970378739 0.910994399491 1.23600076049
262 2620 3.84543700509 1.24063494061 0.00603034548504 0.00603034548504 0.0102753636898 0.0337814235362 0.0711845873371 0.139456887782 0.248126867809 0.640039359231 0.901219586488 1.24063494061
263 2630 3.84023570004 1.2223633044 0.00598273933757 0.00598273933757 0.0100659788126 0.0332612010497 0.0696130333988 0.140226128286 0.241897363671 0.661288796104 0.891587078678 1.2223633044
264 2640 3.77628296728 1.21538170108 0.00591250094933 0.00591250094933 0.0099929660609 0.0325275520083 0.0676872272646 0.142410847295 0.246848115858 0.662788268004 0.875535986785 1.21538170108
265 2650 3.26794587194 1.1960046139 0.00592022969749 0.00592022969749 0.00988328353663 0.0319302875496 0.0662692558318 0.139149373614 0.245342649235 0.67152181028 0.864356984364 1.1960046139
266 2660 3.20743906062 1.16291185728 0.00589443457916 0.00589443457916 0.0097475431191 0.0314066941971 0.0651083137334 0.137541547656 0.243694151655 0.668887462197 0.860082532247 1.16291185728
267 2670 3.09142281698 1.15702434908 0.0057518214594 0.0057518214594 0.00957300072345 0.0309593324744 0.0629344124312 0.142741909669 0.243828613736 0.663418248801 0.862034072027 1.15702434908
268 2680 3.0622768791 1.15002240745 0.00559724732099 0.00559724732099 0.00950399125924 0.0305498670646 0.0634294832138 0.141425113419 0.236662160424 0.666236936319 0.855831798276 1.15002240745
269 2690 2.99152670077 1.12821809192 0.00546048310292 0.00546048310292 0.00948931421555 0.0299673630201 0.0637232370053 0.137113379163 0.233881263528 0.680607131085 0.846802852553 1.12821809192
270 2700 2.83767503231 1.13017114927 0.00536634804199 0.00536634804199 0.00940282405667 0.0295486772855 0.063428944092 0.133960694056 0.230871469208 0.675344599228 0.833293511238 1.13017114927
271 2710 2.72286692121 1.12162985116 0.00533308019806 0.00533308019806 0.0093566999019 0.0285397782057 0.061683941581 0.132894542437 0.227196045287 0.6828291056 0.850104962629 1.12162985116
272 2720 2.66502383765 1.12311314965 0.00525750618308 0.00525750618308 0.00914490624709 0.0282025378716 0.0597997004676 0.131652528705 0.225486560781 0.681430025353 0.861859085512 1.12311314965
273 2730 2.65941559065 1.18743203153 0.00521430717933 0.00521430717933 0.00906955532664 0.0278948302927 0.0589904300749 0.130932586152 0.218759194975 0.685367639763 0.836677430498 1.18743203153
274 2740 2.60063952796 1.20171232053 0.00501444768698 0.00501444768698 0.00898530094652 0.0278288796591 0.0576725239876 0.127701374465 0.223674510663 0.699624903286 0.822157936943 1.20171232053
275 2750 2.61402337042 1.20696565982 0.00505789507054 0.00505789507054 0.008951053543 0.027599475749 0.0571344639661 0.126306068246 0.21823057047 0.691056795382 0.830711599906 1.20696565982
276 2760 2.53341619332 1.23163720638 0.00505603952103 0.00505603952103 0.00873325185615 0.0277934607882 0.0569614706942 0.121498841029 0.223391576627 0.687591735275 0.836235505039 1.23163720638
277 2770 2.18589485126 1.2552397863 0.00495533352974 0.00495533352974 0.00831601426782 0.0273848691191 0.0564733576371 0.12167697054 0.222818412073 0.691894883581 0.831410164176 1.2552397863
278 2780 1.97995245692 1.25065059697 0.00491686576459 0.00491686576459 0.00836106471243 0.026887667421 0.0552407182698 0.120598891373 0.219698258553 0.683000070028 0.804480797445 1.25065059697
279 2790 1.77713753579 1.23814872131 0.00491156211544 0.00491156211544 0.00848622699627 0.0266038231988 0.0543851567757 0.11907749318 0.214278666776 0.650470546569 0.786984391144 1.23814872131
280 2800 1.59500785364 1.21639410455 0.00472932049807 0.00472932049807 0.00841353223769 0.0261006861028 0.0536883841889 0.119741742215 0.207283158974 0.664847136228 0.781161490762 1.21639410455
281 2810 1.53741649166 1.22467974402 0.00454136994165 0.00454136994165 0.00829335690745 0.0260478360129 0.0530389903084 0.117775988856 0.206054386401 0.647025992528 0.768542170965 1.22467974402
282 2820 1.32392632066 1.20710897664 0.00449776898182 0.00449776898182 0.00823865142081 0.0252029761357 0.0526060415273 0.117156028703 0.20764886839 0.65645176787 0.756264463879 1.20710897664
283 2830 1.21824198863 1.19989936625 0.00445029815031 0.00445029815031 0.00812666901102 0.0248105739095 0.0509120557466 0.113065990861 0.210472469867 0.651595903163 0.747773017302 1.19989936625
284 2840 1.08639473105 1.19158966361 0.00444824091798 0.00444824091798 0.00785656411661 0.024225761132 0.0513395375916 0.111547355617 0.207801978334 0.639064761295 0.755908573656 1.19158966361
285 2850 1.06969627563 1.2218605356 0.00429786613658 0.00429786613658 0.00784787226572 0.0236880517428 0.0498016794155 0.111065263104 0.206145441627 0.633275660469 0.742454484729 1.2218605356
286 2860 1.04228250707 1.23495782942 0.00419734093059 0.00419734093059 0.00778924803158 0.0229496144963 0.0500294813334 0.11085815844 0.201697015412 0.620906202453 0.743117941311 1.23495782942
287 2870 1.07300695823 1.21973687454 0.00409539543778 0.00409539543778 0.0074828247978 0.02371079264 0.0506366014491 0.112952480762 0.198312142682 0.6158212274 0.738495982579 1.21973687454
288 2880 1.05062736756 1.25366477054 0.00392465899753 0.00392465899753 0.0077181959682 0.0234913830778 0.050761160641 0.111847769713 0.196007296502 0.615506918033 0.734723025907 1.25366477054
289 2890 1.03991868056 1.28290432146 0.00384092791427 0.00384092791427 0.00774488460704 0.0228582452069 0.0504742696302 0.109141666554 0.19310129124 0.631267511375 0.727629457908 1.28290432146
290 2900 1.01239382786 1.35438872484 0.00376505713136 0.00376505713136 0.00769710813924 0.0229040538403 0.0496617023684 0.105429328492 0.192964210902 0.620470608459 0.747542350794 1.35438872484
291 2910 0.928368023116 1.35893616422 0.00369670884391 0.00369670884391 0.00757864118477 0.023159934406 0.0488528910337 0.102459509623 0.193164441316 0.600514485445 0.761704499364 1.35893616422
292 2920 0.897134165657 1.33599539121 0.00376577281418 0.00376577281418 0.007466813322 0.0231058098333 0.0481955162271 0.100786535075 0.191673070743 0.574339436294 0.740887161761 1.33599539121
293 2930 0.840761183345 1.33136436532 0.00372610851997 0.00372610851997 0.00748802312476 0.0234429296288 0.0478399125471 0.100631749929 0.187228999781 0.563380021606 0.727815974629 1.33136436532
294 2940 0.751887343292 1.31770712408 0.00370491731237 0.00370491731237 0.00749762778185 0.0231075235429 0.0477069553107 0.0980198183378 0.185380630077 0.567775042414 0.719863872331 1.31770712408
295 2950 0.734429041965 1.31010937048 0.00362802586624 0.00362802586624 0.00739795167402 0.0224342266292 0.0465902804306 0.0964961782303 0.188467889419 0.564883988124 0.704656463107 1.31010937048
296 2960 0.673826751199 1.28191564867 0.00360951349668 0.00360951349668 0.00729134771167 0.021960657075 0.0461139334662 0.0952549192857 0.195254758915 0.55089107994 0.710755859854 1.28191564867
297 2970 0.654032389562 1.26182274442 0.00362401652153 0.00362401652153 0.00716955908036 0.021228198009 0.045281849718 0.0949142918546 0.194949792925 0.544173482269 0.695960551372 1.26182274442
298 2980 0.658625181776 1.24392028736 0.00358119288569 0.00358119288569 0.00699435631021 0.0213896932833 0.0448357147025 0.0944480251953 0.204847670122 0.542957980817 0.677685088586 1.24392028736
299 2990 0.635670414866 1.24143800918 0.00352085927115 0.00352085927115 0.00688807705064 0.0211202067268 0.0442123460092 0.0931449443877 0.209285170608 0.533239226368 0.666221191738 1.24143800918
300 3000 0.593692139043 1.23744465791 0.00343117004579 0.00343117004579 0.00704009474493 0.020881068389 0.0436403556928 0.0923860216994 0.205181137641 0.524635567428 0.657132910753 1.23744465791
301 3010 0.549036498783 1.23031465257 0.0034213145405 0.0034213145405 0.00689611304233 0.0207097928625 0.04527060853 0.0915904353271 0.203943255029 0.51457270904 0.641236116347 1.23031465257
