% # iter+eval+sigma+0+fitness+xbest, seed=1049903, Mon Sep 26 16:38:49 2016
1 10 9136.8514685 0 3475954.25937 9706.25351561 8120.24735646 -1377.23411558 -3986.62712847 -2543.48090734 -2228.59407556 9516.14700533 3849.05122087 -4164.53592526
2 20 8367.06597385 0 5244039.44171 -167.663879111 39.0100355514 -7887.84622132 5898.58083968 -3219.62324673 -331.065195453 -3077.29362357 7512.07953559 3113.31206048
3 30 7577.33035622 0 4611200.41403 5512.39970451 2054.19910808 -4729.67403388 -6042.77887705 -3892.92086658 -1554.42028051 305.605086733 9644.46037109 -860.966534522
4 40 6590.35690422 0 2544927.46646 5384.62500141 1263.14956545 -1870.97997211 1558.65637219 2292.28760642 5820.25552511 -6145.45554234 5123.98878103 -14498.7467946
5 50 6233.32643047 0 2357045.24645 3139.53119843 14749.7058827 -834.017579617 2339.4669551 3985.28551878 93.7011984459 -14737.1506968 2120.69741644 -8007.41160055
6 60 6414.37314859 0 3231583.75871 4464.91806327 8252.58337515 -11601.7721713 -5727.11885701 6285.91652841 -846.538348767 5829.51618932 -2706.83967606 5442.96592324
7 70 6194.00083489 0 4037995.10044 -8.89697596222 17016.3019608 8614.09098814 1642.42599951 7976.87016827 -5943.01529575 -2223.25983408 -1918.60098379 2386.14449718
8 80 5772.05162556 0 3653987.99024 -364.697395169 11975.1029197 2480.67569119 6679.26970408 3425.35682994 -8357.57257524 -9676.15131706 6850.34820537 -3609.45416188
9 90 5366.09734536 0 4095595.71941 377.835845504 12033.3828367 -7534.07415192 9920.28720347 4753.12586752 5916.37204337 -6353.69196091 9374.5540016 -1606.56298498
10 100 5322.48381658 0 2764777.65624 7122.95923875 9610.0557949 5966.28711441 1167.90245953 -1885.880223 2314.44720133 -6501.49457461 3843.88906423 7493.729836
11 110 4895.42948885 0 2144945.43921 3220.83499572 9124.22408378 -7284.39822362 5529.38854308 -3761.21325685 -2632.16242664 3656.19853211 7740.70063937 5221.66788979
12 120 4389.81793236 0 1374092.17474 6691.76291337 9987.1967348 686.77815374 1869.09841473 -3660.71923103 -215.847184858 -1874.78932832 4577.36303562 -1498.19194848
13 130 3876.08765997 0 2290683.12261 4879.77744089 9427.96469388 -322.858327839 5743.04516967 2047.90632285 4397.5210879 -571.471637735 5063.66075447 545.854754509
14 140 3461.81418422 0 1672815.78341 3758.62627726 6763.27656085 127.914306979 4201.25717267 2090.31749822 3031.84340852 -11437.9825655 8322.2976874 -3394.50380845
15 150 3253.17808037 0 1416214.7312 4433.98638807 7354.24289924 34.4874207512 5552.98876826 816.360954428 861.469542028 -7359.78904272 7994.13943882 -2987.72492061
16 160 3015.56310389 0 919905.26885 5910.74466628 8403.01261014 1042.93413547 2806.47955827 -1378.84565906 -161.756136567 883.21721341 7719.61369593 2274.93882049
17 170 2969.84724967 0 1536866.02261 3612.17349109 8839.31782547 -892.986215966 4658.50788924 -3628.10730911 470.389540423 3214.46192286 7983.80759387 -3905.71989292
18 180 2948.52008187 0 1294905.53039 6516.60678289 8444.57872627 -89.6591654574 1485.8817572 1698.90234405 -3203.45978111 -1870.83235077 7775.88236449 -2972.48032911
19 190 2737.16033271 0 1247663.31285 6737.48466661 8267.30960083 2116.97626909 1119.79025563 983.886961973 -2645.28280328 451.1453458 11099.2051948 -1023.90557346
20 200 2518.93965265 0 1093886.30229 5570.1735901 10007.5449654 -543.888541865 1931.81975307 3329.85899039 -4291.46986693 -2718.59450552 8657.92040636 -1170.04940331
21 210 2231.47782759 0 900316.631913 5341.57038542 8808.11232284 1886.50089199 3828.63958794 -1388.33152794 -3468.90574313 -1282.04535205 12760.7734981 -2169.85594336
22 220 2039.1973735 0 627708.093226 5674.86046489 9364.83494345 2230.20957481 3130.05907514 -493.13165562 -1272.03203895 143.999202008 12485.2898744 -2559.6314027
23 230 1952.33739681 0 1078876.14556 4763.58006378 9034.45124671 2215.08783717 5204.02267974 505.099792064 -3786.67323154 -1194.29010962 10709.7833486 -2605.89934927
24 240 1845.24820445 0 687244.645608 5495.8811561 8816.53996785 3708.82257084 2091.2744921 450.75957173 -2148.41039798 -524.157548292 7355.27494128 -5214.03841435
25 250 1595.56346791 0 841784.714472 4993.34730352 9985.80804719 4490.87529553 4112.89654503 -1754.55267684 -3150.29134564 534.386419516 10787.7280274 -2143.18982321
26 260 1470.23276874 0 523112.670057 5117.60206779 9531.36836127 2276.32868147 3476.16652384 -644.839551055 -1719.41105524 -485.88319278 7207.36629562 -1105.07224975
27 270 1406.55904516 0 801451.480954 5298.50151645 9305.75337503 2572.35162327 4015.35514828 -2677.43116436 -2427.84106465 2362.93868608 7331.15170704 -2364.04961876
28 280 1302.42181553 0 600651.900644 5260.4162376 9247.65998575 1920.4033493 3591.81045771 -1381.38879997 -1212.50724976 304.031232446 5201.59227813 -3712.18478278
29 290 1184.87539056 0 545547.296817 5213.92389395 9089.19295131 2488.9931727 2943.51634237 -338.862377579 -1581.20924674 1220.96116362 7226.41574809 -3845.4686703
30 300 1062.01642965 0 619748.349523 5365.09610766 9345.52455905 2770.60111429 3605.43649406 -688.366836182 -1911.63338242 -248.960537194 7421.27651143 -2736.05205205
31 310 929.715042141 0 483863.45292 5278.03000576 9212.47448706 2199.42179249 3220.806873 122.336927797 -900.920839849 357.143366623 8817.95928027 -3485.96191398
32 320 857.357180854 0 489004.816615 5008.89165566 9028.72876759 3442.87493765 3040.85857104 511.927992959 -812.451698261 67.2882728869 7293.96955903 -2604.70928678
33 330 790.541558327 0 485757.34786 5267.71939621 9084.80262974 3279.33351216 3039.83545298 -276.534920789 -731.89998127 -51.9873251472 7698.5660283 -3666.08528285
34 340 771.476849879 0 456049.736206 5107.75936776 8972.20364375 2606.44042955 2941.6036414 61.2419965857 -174.82988465 -442.803177623 7702.77266436 -2938.36279818
35 350 736.786009232 0 461040.642097 5226.97182327 8806.40243083 2694.27413248 2999.01959334 909.087772778 -524.125345616 333.781547089 7657.32239303 -3673.14817141
36 360 675.861015215 0 385917.748678 5269.75193077 9262.28838919 2823.7216835 3053.13751133 610.302428447 -160.680430413 -337.587797094 7519.11286115 -3709.29660711
37 370 664.841395232 0 346226.353771 5251.09699223 9601.38961235 2366.63262683 2820.2225236 1482.27487903 -144.232462776 -585.142430607 7527.79564929 -3187.46924497
38 380 643.355560867 0 345899.639383 5228.72278118 9099.00249633 2751.0366908 2633.87961378 1360.77350333 110.111600199 884.613915021 7019.91553231 -2147.90858315
39 390 641.885638112 0 369746.361556 5204.34922521 9327.63215109 1659.16272876 2811.97264557 557.77978096 122.246824986 -221.052714577 7638.07616108 -3503.58966454
40 400 631.664547507 0 367104.048435 5143.63065351 9495.6858679 1759.01067661 3062.57358192 1027.86691264 321.885264313 -769.977812297 8573.34091994 -3136.36345185
41 410 663.876095547 0 364613.907916 5218.81392581 9702.58406625 2369.45039316 2755.16022973 1904.8702402 255.853151803 -198.387280654 8846.45115536 -3274.51040592
42 420 660.642207203 0 376560.719319 5106.47468114 9469.71843007 2363.49861435 2615.81220928 1791.56372623 1184.38630306 -503.424032753 9367.0426421 -3451.48124438
43 430 683.363784026 0 312995.690082 5224.48932517 9787.30023867 3482.58207707 2268.32418898 1569.02866301 71.2191558962 -114.042083861 9062.88477526 -3152.21675425
44 440 691.851990934 0 350954.99392 5027.64342656 9542.13707693 3772.83160689 2638.74091287 1691.94846757 807.272608303 120.238862727 9595.23437949 -3876.24374849
45 450 712.786331093 0 299876.393852 5078.90631777 9569.17604651 3702.31598127 2039.240462 2513.88176063 -73.7637239285 173.575401198 10122.3013743 -3297.36194692
46 460 712.242789777 0 334075.47781 5362.8174565 9442.06844511 4044.05738263 1846.63980582 2556.19622118 -255.734602373 757.747048582 10298.4737138 -2974.727112
47 470 681.897450729 0 284417.304556 5121.56701813 9523.7188341 3449.29607588 2249.73755383 2417.86525671 202.615250068 1968.30271998 8997.67147949 -3162.62421813
48 480 645.58429571 0 333929.903399 5238.7573537 9283.62667932 3608.17971662 2536.34927253 1335.52720437 -415.628579965 1797.71449917 8811.31787648 -3432.39941957
49 490 630.997526021 0 323810.488766 5071.18926964 9514.9060906 3354.60941571 2066.14443993 2017.89877477 -301.667467032 2251.45774181 8730.65595316 -3245.37920937
50 500 586.111653623 0 277034.558443 5247.05557508 9572.53680434 3737.63198911 2368.92785761 1598.25069907 57.0146121779 1538.56100978 9366.50862445 -3491.04899635
51 510 539.66206392 0 316530.187933 5290.21472483 9577.40497417 3009.06694179 2283.63691872 1449.71087856 131.581739129 961.435628701 8971.83131286 -4089.88379342
52 520 505.249159964 0 298537.220251 5168.38517157 9398.10935746 3438.48468517 2516.66490652 1935.30873125 -212.257707637 821.920083294 9154.92279769 -4127.94627306
53 530 487.277653585 0 273259.513025 5252.75173156 9541.93946982 3799.47679804 2254.56304367 1988.99473234 142.218207564 638.100537782 9718.33661051 -3534.89655492
54 540 454.918171623 0 268694.075306 5219.16233628 9546.59029383 3725.13881508 2243.14472082 2454.21797895 9.59579039167 1238.37775167 9173.28040233 -3941.04234261
55 550 405.203496966 0 279948.921543 5135.37112394 9547.47630236 3254.35005135 2497.8531354 1538.28155783 131.303052422 1549.90368466 8467.70714992 -3850.14652665
56 560 362.259184266 0 250790.232727 5210.51703267 9493.72056283 4160.18171986 1878.31029424 2176.39292925 39.5338767175 1599.5425893 9119.71545513 -3705.87270025
57 570 355.360473351 0 280113.426883 5148.33241492 9518.57700664 3826.03706618 1972.10943146 2589.92483134 571.766303345 1464.23018684 9225.14083364 -3096.41884411
58 580 309.190598729 0 260092.092292 5198.14195133 9510.58137654 3808.28785931 2465.37981515 1561.58526337 169.502962548 1832.07469637 9173.54099096 -3981.13101707
59 590 293.503205355 0 262927.609218 5200.69453286 9513.95975664 3602.6422964 2049.83219216 2239.32322875 363.521378013 1935.03675492 8713.76573878 -3147.49629958
60 600 283.268274621 0 266613.49383 5194.98957917 9415.02396787 4196.96194509 2035.72470082 2424.72933659 -128.291151451 1630.44480709 9134.00859468 -3813.29208657
61 610 256.767182294 0 259582.820528 5207.90951497 9440.2282364 3904.84947904 2152.57333348 2017.83244221 77.6308830477 1660.51190549 8951.05792768 -3466.02982828
62 620 237.882931175 0 263587.591839 5209.62248546 9428.77357603 3990.87515548 2111.70727336 2287.60922872 -54.268385193 2078.57159691 8700.02788979 -3279.8483005
63 630 221.848572897 0 250817.751147 5183.82626624 9553.78053848 3990.04525356 2228.12024679 2239.37444954 -42.4882457637 1825.87306037 8997.34151719 -3326.47860208
64 640 198.01407215 0 245384.273803 5192.39553726 9503.22372945 4018.71790868 2082.25857144 2188.72801632 -49.7250888988 1616.9670113 9294.92938343 -3346.16889946
65 650 187.889926999 0 242413.372207 5176.31053322 9524.36243972 4168.18393812 2141.9485308 2036.79185724 35.5512023324 2171.04356232 9227.50829461 -3471.65052342
66 660 177.742303873 0 249136.480842 5182.92767871 9543.20085324 4094.4461309 2323.81129738 2009.06799472 60.0869146732 1958.44370818 8970.41710722 -3602.56574108
67 670 164.819336124 0 253362.867773 5178.76280519 9544.14460808 3946.65260642 2225.71802356 2171.74557541 123.570036344 1884.3404083 8983.49147686 -3667.895954
68 680 147.721430704 0 243251.978891 5185.85768143 9548.47336165 4117.74528888 2175.87157206 1996.04562513 27.6283064905 1920.12947559 9011.79650941 -3587.91147697
69 690 146.911220379 0 246824.582729 5177.81754961 9491.83961924 4197.23643711 2121.49621237 2325.75484891 -29.7257946374 2072.36531491 9150.01889658 -3549.17862264
70 700 171.461722236 0 243643.23711 5185.30319677 9519.07424194 4532.24259555 1852.12505375 2568.36458315 -9.04479762882 1960.90250238 9363.62749237 -3491.90642278
71 710 157.543982502 0 243798.648423 5195.23424899 9512.85768016 4013.76842462 2102.89080444 2300.38107071 8.64760450572 2117.48498168 9090.68092235 -3391.80891536
72 720 140.842560031 0 245120.721291 5193.9065179 9492.11288371 4378.11806093 2051.91145131 2427.78571716 -0.490265641038 2094.7943033 9126.61699466 -3551.39153642
73 730 143.683190608 0 248779.841281 5177.46846695 9492.72807873 4343.11052674 2170.77772278 2454.99224962 -33.2215307424 1948.211529 9223.46241728 -3523.21367719
74 740 145.866263775 0 245183.738087 5171.27071524 9514.66364893 4443.95188014 2100.2743572 2456.39161365 10.0565296749 1941.49522035 8996.58230738 -3370.28779903
75 750 143.674088289 0 244271.933062 5162.87503944 9511.9184543 4162.81552605 2202.34164842 1962.46042992 23.531103742 2038.88354672 8912.64791114 -3488.16507266
76 760 137.976265717 0 238349.87142 5181.9431149 9514.0759354 4207.35283851 2014.71576988 2330.28770066 0.43256867699 1974.75677736 9211.78873203 -3300.89320764
77 770 125.543932444 0 243717.756299 5172.48515506 9501.0779683 4208.11579671 2213.71238052 2080.84783412 -14.4573901112 1881.42350947 8952.39140278 -3422.73940754
78 780 115.857457657 0 237364.254995 5186.57564989 9514.36978067 4198.50059096 2102.68031985 2205.44834048 -19.6112130002 1823.06249628 8981.05264303 -3346.15034742
79 790 110.410309671 0 240116.912227 5186.9876521 9493.19238787 4236.92863038 2097.24946059 2209.68414214 -30.9208757597 1702.97528238 8788.81678506 -3317.00962023
80 800 116.775241239 0 236358.174196 5184.47637426 9513.17207416 4367.18183956 1908.28671371 2431.63504687 -4.8223036016 1808.13887328 8971.56718025 -3275.28979604
81 810 122.467795894 0 237596.700584 5190.97117593 9518.15247593 4287.01570218 2051.11094493 2207.7384623 -22.7660317141 1611.36112565 8945.08386855 -3295.80578121
82 820 121.651321971 0 240156.339222 5184.38829012 9529.66263198 4376.02804895 1988.31922956 2276.16299669 50.6358522504 1865.71680466 9123.64354993 -3231.65083224
83 830 117.991597073 0 238538.063038 5197.04928029 9516.8536056 4330.08851175 2020.01450091 2166.62535424 49.0226928368 1530.09367952 8926.72869736 -3236.85670638
84 840 116.575424842 0 237831.801498 5186.73100938 9506.75089149 4266.67535423 2139.80346956 1948.20726867 -42.086527189 1662.5338462 8704.16310432 -3295.97890576
85 850 111.314957445 0 234326.485076 5188.60950658 9516.82485749 4215.06830004 2029.9533429 2113.48250618 5.67549801809 1549.84181517 8851.00954301 -3193.85977229
86 860 101.29550822 0 234769.470542 5184.47564547 9504.92170938 4283.41640531 2080.6137879 2126.72629438 21.2156982301 1572.10991451 8825.30006146 -3196.25661121
87 870 98.9212710257 0 235770.809944 5188.02700546 9521.15447029 4268.65022489 2048.59542134 2123.41485117 48.8667631873 1614.12726781 8695.02222017 -3193.75989956
88 880 100.646029242 0 235911.464273 5183.75271594 9508.47052645 4152.32765056 2088.64476398 2159.7657905 15.7429254651 1628.29532539 8645.0944291 -3184.83739336
89 890 97.3707473933 0 235158.374297 5182.33683201 9508.6127377 4218.20422585 2036.39153505 2108.53836379 13.4468781517 1622.97461858 8725.53235205 -3302.35108484
90 900 87.181948194 0 237046.787009 5192.74873708 9510.27595408 4301.83004916 2063.30389896 2049.3840478 64.335081898 1565.90745754 8628.57006398 -3261.83339777
91 910 84.5464141873 0 233918.818925 5183.16870222 9504.88060459 4301.78225612 2071.85555272 2079.94234721 -22.8032592453 1622.72920916 8581.13796726 -3097.2934055
92 920 76.6388716486 0 232989.192108 5183.47378746 9513.73469804 4199.72724462 2108.27779906 2061.412697 3.90642749762 1682.54243754 8572.08557021 -3245.89078815
93 930 67.4896863737 0 233979.508216 5185.99995203 9521.33761202 4334.81722347 2045.01235951 2109.81446583 31.904486794 1678.28283604 8693.46074981 -3287.74974874
94 940 60.1203980668 0 232568.452599 5186.26984866 9517.66717666 4282.33256861 2082.67484217 2058.81775765 13.039480514 1670.39160005 8625.40133455 -3199.36910846
95 950 53.7079488992 0 232679.334655 5186.41866344 9507.44990372 4286.39630401 2062.49522086 2112.65874547 7.06568017641 1622.02901232 8596.03569687 -3182.79622097
96 960 48.3742569505 0 232336.777794 5185.77700022 9510.25785197 4324.84553121 2067.80258 2089.12017041 -16.037149122 1668.77848854 8630.90149943 -3240.71013473
97 970 44.6255601515 0 232427.938447 5184.38798093 9519.86534316 4330.3605507 2047.00611268 2131.23986849 7.67193715716 1674.90528846 8628.41050344 -3122.71111835
98 980 42.7536898676 0 232632.719385 5185.10757967 9515.42881323 4294.00314363 2071.65239993 2101.87568951 29.2323523973 1693.87254579 8635.16661004 -3146.1249155
99 990 40.0100616174 0 231967.176769 5184.54098781 9511.64234647 4288.23920565 2028.45825188 2121.51523747 9.45175523722 1692.42321242 8613.49730641 -3156.36499705
100 1000 38.0443074837 0 231733.13798 5185.52279398 9520.15076609 4277.85444846 2078.51429328 2070.59119303 0.14098599017 1666.81755587 8576.74854751 -3103.62519372
101 1010 35.0998042981 0 231206.922704 5186.07327587 9514.21588403 4318.463323 2054.04592641 2113.70969353 8.3433235825 1667.92681324 8652.79282245 -3106.67005996
102 1020 33.74125965 0 231148.147996 5185.38967415 9515.03836041 4299.89914314 2051.6038423 2120.67132041 -3.11421887124 1655.4669013 8606.66965377 -3075.23591236
103 1030 30.4271318304 0 231405.527748 5186.46281998 9514.7385337 4313.33550605 2078.30210576 2095.91812829 -9.18139730608 1659.15443445 8577.24581637 -3075.82599409
104 1040 30.8914900588 0 230700.056472 5185.18884029 9513.13983797 4326.74460767 2063.11480274 2075.19483116 3.58947516281 1700.28201232 8627.95244495 -3057.84962309
105 1050 28.9349313478 0 230862.417722 5185.13324687 9513.57277436 4331.99854537 2042.33895634 2131.33761524 -5.8827354424 1638.33966124 8602.48931356 -3055.88155522
106 1060 27.696060164 0 231393.446227 5183.59396781 9512.8476018 4297.33975466 2094.14633849 2056.46075586 9.65996759969 1644.36375904 8606.15869524 -3068.823344
107 1070 26.4910506637 0 231009.937389 5184.87583533 9511.61450151 4325.85104931 2055.93663043 2121.82418583 -3.40949825529 1664.62138033 8604.09100159 -3024.25159606
108 1080 27.4139641081 0 230752.79484 5184.28210797 9514.26748048 4284.8493394 2093.58493402 2064.10422945 1.17405301194 1661.39066784 8542.59314752 -3033.75872379
109 1090 27.9591989835 0 231502.551798 5184.8758197 9518.70787193 4319.85879803 2064.04535759 2120.5918943 1.3007532416 1664.28305102 8576.70222039 -3039.17783354
110 1100 30.3565585197 0 230916.856181 5187.15055901 9514.16739227 4314.39169458 2061.64491355 2108.74130738 8.81421763772 1673.85196953 8523.33926991 -3001.01994143
111 1110 31.3078002029 0 230201.552306 5184.88578868 9514.09213045 4311.9223732 2073.93370205 2074.93515768 8.97359705537 1636.66185207 8516.72280318 -2984.90472858
112 1120 30.7325667073 0 230753.836633 5185.7318684 9508.26697349 4294.45080124 2095.89825404 2052.85631998 3.84382814527 1611.96839559 8517.61759485 -2975.90810936
113 1130 30.8445892185 0 230116.292799 5184.43615505 9512.987253 4309.92555141 2089.49559664 2065.51380808 1.17280279365 1668.52136265 8526.19559093 -2958.65066384
114 1140 28.1723292555 0 229868.707631 5185.8149006 9513.96479756 4301.3711987 2088.99985689 2055.03485823 -0.624015154902 1680.37647155 8476.40988173 -2989.03022742
115 1150 28.2109304597 0 230415.898805 5186.27684356 9510.55899326 4327.6585934 2069.80346236 2092.69700134 1.82489444892 1634.08955115 8539.46847358 -2972.9629841
116 1160 27.8021403707 0 230266.688836 5187.27986476 9511.60251997 4318.41469289 2093.55447801 2049.85586044 -3.0049741425 1652.15843483 8456.93015251 -2938.2913642
117 1170 28.3619992635 0 229221.955575 5186.06694077 9513.76184035 4317.65541367 2084.69696807 2062.40600125 2.00515628363 1661.55060505 8409.94301777 -2918.59137575
118 1180 29.1252193555 0 229612.157217 5186.3804141 9514.10864485 4299.3313195 2092.44735403 2049.55561176 -2.07621480159 1632.11598348 8383.64554342 -2895.76980541
119 1190 30.841220118 0 229608.796242 5185.39863757 9512.51653688 4309.15864418 2084.83286979 2046.61936163 -1.4497872164 1643.76502818 8345.04504858 -2887.85696742
120 1200 28.2236503145 0 229719.397459 5185.47023105 9514.29363249 4285.08477521 2111.29846923 2016.80914349 -3.60248757214 1654.75233303 8298.82586497 -2859.25394398
121 1210 26.7044296176 0 229873.051834 5186.65220841 9515.38179714 4323.91720676 2083.42511355 2058.35058883 4.54028955795 1629.3883146 8406.83759224 -2934.30625666
122 1220 24.1379390574 0 229506.94728 5185.43631332 9513.54884013 4310.93131363 2086.63160795 2048.30909248 -0.327080999205 1651.12135695 8393.98606876 -2932.39596465
123 1230 22.5983066208 0 229278.237471 5186.10155503 9513.83340005 4307.9257279 2096.91759028 2045.83128824 3.53600729681 1608.97218193 8362.07380418 -2903.973212
124 1240 19.3298279908 0 229342.302781 5185.17321992 9513.83664213 4304.19093724 2102.50464084 2044.56152842 4.82406792419 1648.13050202 8386.73130046 -2917.66374943
125 1250 18.1065497417 0 229264.176491 5186.00640041 9514.25827655 4300.26064615 2101.77833259 2046.18949848 3.5141038745 1626.47266864 8371.94957019 -2893.16789741
126 1260 16.0422312198 0 229024.539834 5185.61932251 9513.84706568 4298.49723802 2097.6230233 2047.30119627 0.938997683264 1613.2340319 8344.81559585 -2895.64888671
127 1270 15.8203484556 0 229027.508192 5185.04994984 9513.72407617 4309.25227744 2091.48862201 2062.86625116 -0.522487594744 1602.01238257 8378.99326973 -2879.79461686
128 1280 15.8299090319 0 229032.28074 5185.56853184 9513.94186127 4295.10235705 2101.13772801 2050.8715087 4.4892813329 1607.40179544 8343.44835288 -2862.61556871
129 1290 16.8165141678 0 229177.788877 5185.22127063 9515.01053342 4288.64739136 2109.36525467 2043.97956897 0.670607786241 1608.8606432 8325.42589281 -2865.95229199
130 1300 17.9453293992 0 228985.029778 5186.17122003 9514.07482749 4294.84031873 2110.66909685 2043.57052282 2.30319682236 1598.25589212 8306.13832251 -2829.96430912
131 1310 18.2032051577 0 228790.968811 5186.09580404 9513.169472 4296.73053135 2107.55350912 2038.32677893 2.28772814164 1583.47322291 8299.42466586 -2801.02689734
132 1320 19.7651820974 0 228901.510923 5185.73676154 9513.64632336 4275.33583826 2104.55361118 2035.95960257 1.07484218043 1576.55330662 8274.80833731 -2788.32359789
133 1330 19.1162240028 0 228814.687048 5184.95442801 9514.33870682 4315.57142551 2106.32503378 2037.49869825 3.3101437973 1600.15680342 8284.6311757 -2813.61851979
134 1340 19.0161923656 0 228643.195187 5185.98557759 9512.09533432 4320.90477413 2101.50557984 2045.93038009 0.988630262735 1585.11979117 8319.45128308 -2802.22082591
135 1350 17.4872078763 0 228680.583556 5185.47685649 9512.53730453 4327.12709492 2099.72018115 2051.08746373 0.0667610595977 1602.17470164 8366.19221782 -2861.33984062
136 1360 15.4890462912 0 228704.383103 5185.22790133 9513.19447356 4321.01939777 2094.26687372 2054.15931454 0.761620898998 1592.6559781 8361.38854395 -2861.86930508
137 1370 13.6862838639 0 228798.469283 5186.27142111 9513.0172112 4312.3464893 2102.73769691 2049.19308578 -0.189113194192 1597.95350069 8332.89683824 -2825.79692615
138 1380 13.1127335899 0 228612.065386 5185.83623143 9514.15209077 4315.35827107 2110.54255796 2036.12315118 0.825485547568 1599.17452394 8305.08307006 -2818.08944746
139 1390 12.9830303871 0 228576.522102 5185.4908064 9513.41254998 4328.21360572 2090.96960119 2064.10480669 5.47803611961 1614.09593018 8317.69940589 -2835.66089941
140 1400 12.1717107172 0 228494.294313 5185.67127846 9513.29358494 4323.55045768 2101.54560928 2044.98747424 -1.46744760252 1590.09877517 8313.17402651 -2828.9790041
141 1410 11.6673970281 0 228307.141329 5185.46314876 9513.79520748 4327.79873314 2106.53125878 2044.11181095 2.08838978964 1590.11070946 8293.43970519 -2817.27498569
142 1420 11.4798285682 0 228245.262827 5185.31853439 9513.35864319 4321.48006923 2099.78249139 2048.45316754 -0.550419784335 1571.1105564 8293.78982191 -2806.96114812
143 1430 11.7773902141 0 228214.460293 5185.75823618 9513.31972648 4324.79201706 2094.2601 2054.59891767 0.457238197188 1568.93069691 8296.9393232 -2805.15501584
144 1440 12.119833996 0 228200.956099 5185.81910703 9513.95045448 4323.74745636 2101.48997411 2051.89827497 1.32259766181 1562.03008512 8284.8361772 -2774.60715267
145 1450 11.7837166198 0 228195.622603 5185.68435118 9514.19180092 4322.45444945 2105.48750239 2047.02816958 0.825994905566 1557.80701424 8267.05320949 -2780.6623162
146 1460 11.4332529414 0 228134.861143 5185.3832588 9514.08595512 4326.91143952 2101.92626367 2049.49812143 1.52328823042 1579.47233748 8268.06586988 -2785.96350356
147 1470 10.9078055198 0 228038.690608 5185.6256867 9513.82381981 4330.15597487 2102.04906121 2049.52270681 2.56109628516 1565.7358904 8255.51169922 -2759.17969733
148 1480 10.4625445018 0 227977.481313 5185.42058088 9513.80212468 4332.22324468 2102.59587965 2047.69947289 0.882604725677 1563.21637148 8258.39853276 -2751.0280158
149 1490 10.1403633322 0 227987.340816 5185.72758252 9513.93668521 4322.81512784 2105.78517069 2042.80545964 1.59150835515 1547.0147579 8240.7008125 -2758.24703581
150 1500 9.18782668981 0 227937.104639 5185.65226846 9513.61534092 4324.32448881 2103.95609255 2045.79768918 1.78816772659 1554.02637366 8240.09752959 -2756.77446917
151 1510 7.93242199053 0 227938.926785 5185.47136564 9513.76609943 4326.25331095 2102.00707929 2047.54409225 0.912515210643 1560.14733178 8261.79403656 -2776.75127183
152 1520 7.49426151972 0 227904.577973 5185.5184399 9513.73219384 4325.59518554 2101.19090543 2049.22377904 0.863637297509 1558.18456497 8264.62912501 -2766.03255361
153 1530 7.10547263848 0 227878.48335 5185.47375786 9513.44848225 4323.68873489 2100.09218402 2048.23208615 0.190045077831 1557.03793322 8253.55863911 -2767.4948313
154 1540 7.05460396844 0 227896.515285 5185.38794137 9513.4561402 4324.2749122 2098.08518566 2050.84261352 -0.284852345173 1561.43497869 8255.1659615 -2765.97027058
155 1550 6.88193205161 0 227807.914329 5185.4857583 9513.75802024 4327.43159589 2097.21199907 2054.5195181 0.199762165632 1557.29103299 8260.01146025 -2762.49332135
156 1560 6.24129877431 0 227824.094936 5185.61971412 9513.35744612 4329.36537418 2096.88506418 2053.66356854 -0.381174303911 1550.57804682 8247.90983371 -2746.02402242
157 1570 5.79246651613 0 227801.621128 5185.65675245 9514.06385179 4323.34610135 2102.16492813 2046.86327977 -0.233129009966 1548.98935953 8233.14345907 -2735.65842771
158 1580 5.67393758154 0 227733.686462 5185.562847 9514.16425523 4325.95373504 2099.92618762 2049.19618828 0.324645926306 1546.52045959 8229.04321733 -2738.75607422
159 1590 5.69620068315 0 227689.26064 5185.6654341 9513.71612529 4327.74251802 2098.2805916 2049.75321614 -0.782877999846 1544.78366975 8232.42810991 -2734.69621534
160 1600 6.61175435381 0 227636.485568 5185.73480725 9513.62442627 4329.09977036 2099.99374906 2046.17700834 -0.283670780331 1536.85163235 8209.03690932 -2706.74463972
161 1610 7.92548597139 0 227662.362043 5185.77257088 9513.86163393 4329.83793456 2100.30472534 2048.00182527 0.573054660175 1528.85581305 8213.94799376 -2719.31666145
162 1620 8.91383632864 0 227518.111959 5185.85609619 9513.76563325 4324.11966646 2102.35345794 2044.72420025 -0.151693051955 1528.32269396 8182.02456553 -2692.39135016
163 1630 10.1533538027 0 227575.649219 5186.16888363 9513.87357612 4327.73084316 2102.93655199 2044.04350542 0.736693258235 1520.54585683 8175.57075248 -2681.35613772
164 1640 13.2646793249 0 227437.246222 5186.36779842 9514.33190058 4325.67768695 2102.43759852 2043.3926047 -1.15439272564 1485.62988241 8128.33727082 -2620.2033412
165 1650 16.7877759325 0 227122.905095 5186.37571016 9513.43242415 4324.7924645 2105.9164132 2039.46083569 1.17247002011 1451.29967179 8077.77791237 -2581.39946742
166 1660 20.7037936935 0 227112.441192 5185.27375263 9513.02724971 4322.03694496 2105.67574887 2047.61511283 0.886906289102 1449.76033925 8106.30878876 -2591.8727811
167 1670 27.3558120408 0 226740.10625 5185.86602912 9512.94827983 4316.91007444 2122.507722 2028.28850467 -0.565203171192 1420.37688396 7999.17784697 -2487.97451176
168 1680 34.9714313264 0 226380.874243 5186.13349597 9513.64298223 4309.45619832 2128.81376205 2018.07709775 0.747031410929 1415.7292678 7913.04928881 -2423.15194182
169 1690 42.7634901288 0 225621.96751 5185.74583423 9514.21254202 4330.82399713 2128.47949924 2018.5312055 0.75901520323 1361.68131432 7824.37331113 -2312.75675683
170 1700 56.8114669067 0 224991.378025 5187.03821299 9514.0547189 4314.68256209 2118.34794796 2025.7706247 4.60184406266 1319.40454998 7677.33327233 -2111.24873223
171 1710 81.9300954044 0 224034.272216 5186.83921065 9515.20905039 4313.13502478 2157.65938388 2007.59438715 6.41731181103 1205.05836111 7341.45942638 -1855.32080468
172 1720 107.55962361 0 223507.26476 5185.87036314 9515.8036702 4352.13447466 2093.7728192 2066.78740356 9.27183154131 1176.86514621 7325.70815977 -1886.02753201
173 1730 134.458764322 0 222102.174416 5182.68299288 9514.56858617 4330.58085131 2115.35537906 2039.75374949 3.62970132278 1085.92813361 7269.28734112 -1515.69252658
174 1740 170.10806854 0 221953.642281 5184.95484515 9511.09181485 4455.9898848 2119.58333722 2046.32649011 -4.2255932682 693.844770851 6866.82192448 -983.51844139
175 1750 198.376289412 0 216646.193089 5185.11906882 9517.41323713 4367.34595649 2102.08273411 2082.54356383 -7.45317492508 628.651750932 6101.75244061 -464.924101522
176 1760 225.644340715 0 217233.309541 5188.50578333 9521.5234626 4361.54840222 2244.79562754 1917.99951702 5.02654093934 580.981427043 5499.43372373 12.224426792
177 1770 261.806302259 0 216815.051507 5189.26577393 9522.49324909 4319.06672033 2185.0983615 2013.92729142 -7.55849766686 671.492067765 5844.80786144 90.9685398706
178 1780 299.548913755 0 215037.734484 5183.16336103 9516.32697761 4244.58842482 2134.92529497 2096.38930867 -0.275795358411 568.392844995 5258.18475076 292.695659557
179 1790 322.371447756 0 214450.164782 5185.95847901 9515.36983175 4201.39596171 2226.11219269 1933.73385917 -17.7134090381 318.731681815 4721.95239178 1166.19891075
180 1800 359.27790675 0 214708.526512 5182.88571704 9510.06954587 4207.91641272 2294.95428155 1869.88913016 20.8556030237 320.191558135 4391.92061031 1796.29996504
181 1810 385.298594791 0 214248.081955 5183.52079333 9502.71906254 4313.21210712 2195.9220523 1881.2098375 6.75997307714 1470.00454254 5106.44922447 1237.42644753
182 1820 404.539609965 0 213868.115037 5182.07072451 9521.7076933 4325.00958449 2037.04113111 2123.09676103 -12.2331056297 1188.80832997 6056.1509564 805.365888642
183 1830 430.948205072 0 215794.941649 5196.41873775 9526.64089156 4236.30938055 2174.88977512 2033.86882594 41.6518428618 1145.85763627 5188.00636397 2109.92366147
184 1840 426.813036613 0 212023.398547 5184.88537873 9510.45963907 4274.1631417 2250.27320163 1895.5390653 12.7517629719 1153.67480015 4367.40859978 2295.17016694
185 1850 406.835284817 0 214515.018816 5194.72656597 9512.47134162 4348.6722068 1905.01242787 2312.0552881 22.1073586814 434.832990204 5451.61300875 2000.96972955
186 1860 396.98907645 0 213372.789481 5186.04506871 9522.13495365 4334.7526134 2120.30124487 2209.88961469 -10.3891886683 68.6463499921 5261.8204867 1659.84051436
187 1870 355.636512775 0 212225.292565 5188.49674513 9514.51542401 4252.07987463 1943.91230798 2302.58477556 -1.82438894158 601.1858209 4897.39062145 2236.35996679
188 1880 315.160923725 0 212540.689219 5183.64867068 9514.97809963 4342.84291786 2121.32713745 2111.48947427 79.294930698 1544.60020603 4695.16760412 2411.38456726
189 1890 304.8225529 0 211853.579935 5186.01516604 9510.43616313 4358.07163054 1994.85290187 2211.2583383 -27.8452826654 803.651645817 5544.2984462 1845.05534918
190 1900 286.700831003 0 212091.153908 5184.9763817 9508.3441369 4357.20508846 2133.88128302 2192.55679004 31.7205229489 1105.60939229 5117.63330872 2356.87731148
191 1910 291.724933781 0 210844.355765 5188.3852911 9516.99069844 4302.92019642 1985.29104744 2308.52042913 3.88256146681 1391.00081517 5541.34129749 2599.73408033
192 1920 277.075569381 0 211737.609293 5181.85016814 9518.60870685 4342.47696715 1957.20582937 2321.21853326 7.37906512419 1279.69982914 5957.77440135 1850.38049956
193 1930 245.723418295 0 211050.767399 5189.54890548 9515.32432133 4303.19500745 2016.61684651 2234.67217875 35.4956759353 1687.94815484 5631.80937025 2314.194614
194 1940 215.581821856 0 209855.445322 5188.76353671 9514.1865641 4287.37001525 2093.54912152 2157.13026402 26.3295456107 1268.25727681 5499.10434876 1978.59305009
195 1950 202.365567409 0 209893.148345 5181.87020551 9510.29231892 4330.16289636 1982.1819245 2232.48969256 3.23865834635 1481.82124422 5955.40715702 1964.06581194
196 1960 182.985888788 0 209925.976923 5184.13788476 9506.96094343 4291.75539083 2069.34423264 2179.05676101 -2.43161665833 1215.76155288 5382.08971382 1961.89789482
197 1970 170.987540281 0 209806.779084 5186.37502345 9512.72478784 4271.121566 2155.00519096 2068.25807939 -4.73610100242 1110.5343479 4965.22587476 2472.15599301
198 1980 163.89588514 0 208600.297187 5188.22758806 9510.12683663 4268.44476836 2122.03576736 2043.9065165 6.23627195517 1503.93972882 5483.73372013 1893.96542661
199 1990 151.875201002 0 208649.157061 5183.78768425 9510.62931961 4308.19277871 2118.98578332 2105.66942315 11.0660797642 1386.47849307 5352.60286277 1976.9548956
200 2000 153.089775898 0 209114.605576 5183.16116521 9511.40535852 4281.88805757 2165.3240305 2022.25594161 -7.7658837725 1670.43312172 5281.0678868 1904.19210799
201 2010 155.230168702 0 209314.555255 5184.54824992 9508.50501684 4336.41932079 2144.08435354 2106.30164672 7.29417057013 1437.39120884 5188.1506088 2168.94320333
202 2020 153.816708658 0 208141.248098 5187.21714075 9509.49363584 4333.56515778 2157.66145421 2018.57596656 2.42283245318 1651.62457799 5228.73301691 2034.13716475
203 2030 145.365924555 0 208236.641358 5188.04561748 9513.45466365 4332.25063571 2119.8545656 2083.1736737 -6.74276488868 1565.90126744 5255.25822781 1963.68742336
204 2040 130.655400181 0 208649.171941 5185.51946204 9514.56274596 4330.01654848 2051.67034795 2162.673942 -8.241809614 1857.65153402 5646.10305687 1835.1403953
205 2050 121.093320088 0 208593.426488 5186.32890578 9515.45347945 4258.61935698 2044.4142808 2158.27042972 -5.67004237702 1477.02755068 5480.44647811 2171.50638279
206 2060 107.794918559 0 207154.813739 5185.92182701 9512.43894366 4302.44815103 2121.8210172 2072.33122973 -1.83700594916 1497.37928931 5321.13983814 2003.9333611
207 2070 107.099666144 0 207136.176925 5185.27444386 9515.31852003 4282.5143565 2112.93962585 2069.39946231 1.63236177539 1629.41096739 5444.90079466 1995.0373597
208 2080 98.689293065 0 207034.632669 5186.08220033 9512.93299702 4294.88087496 2095.90205039 2065.28844739 -8.846071166 1521.35054334 5418.58389408 2061.68356342
209 2090 97.1015032255 0 206799.34514 5185.2915369 9513.17870991 4282.08996574 2113.63399086 2073.37310964 -1.42664156536 1464.16111868 5444.85583487 2070.58246394
210 2100 86.3307698532 0 207381.259167 5184.89711082 9513.24301871 4275.95728923 2134.44498953 2073.83855383 0.050875779096 1485.66453617 5368.66441477 2047.85146514
211 2110 75.5352189509 0 206950.558246 5186.35491158 9512.97278253 4286.31519604 2120.75107836 2042.45889178 -2.40861935076 1592.16074724 5453.00754589 2031.6896989
212 2120 72.2507374709 0 206908.02443 5186.11318147 9511.96168659 4266.67894747 2112.64545623 2031.72848467 -1.43773867456 1547.80847459 5393.22996873 2060.11862551
213 2130 67.6755332818 0 206924.735122 5185.06816776 9512.84876316 4278.16663099 2121.9089592 2033.81949133 -5.20913734568 1672.74508144 5283.4822 2047.95157372
214 2140 61.2880458367 0 206830.370243 5186.66032949 9514.56436408 4282.40780147 2118.50805551 2028.91749371 -1.53959427171 1658.31000452 5385.96862417 2053.95655273
215 2150 58.6702861459 0 206897.016016 5186.35110425 9513.5172401 4277.54753522 2119.37843544 2042.73064133 -1.00865873659 1679.49747057 5447.75801869 2048.97467791
216 2160 55.5331381573 0 206901.40252 5185.54967455 9513.45559208 4272.17533976 2106.09760979 2082.61470185 0.965137699964 1544.92413192 5394.60893002 2153.55482909
217 2170 50.6442602906 0 206841.687852 5185.50400199 9513.82517005 4264.71800275 2120.25193731 2053.43225524 -1.08852422831 1651.21326776 5407.6971809 2100.54014675
218 2180 46.0466336939 0 206998.137406 5185.31065286 9512.94527331 4260.42665631 2120.45223571 2049.5041015 1.66747256115 1691.57097262 5435.53882435 2036.16902404
219 2190 45.2325543306 0 206895.92957 5185.51781995 9514.4243688 4287.95350385 2098.2772897 2075.90211431 4.04091907992 1699.29865028 5465.82093505 2102.00368628
220 2200 44.396338204 0 206596.537949 5185.60497849 9514.02970508 4300.64733308 2100.46699499 2075.14725053 3.27481770221 1646.91152995 5443.72040552 2105.10097853
221 2210 44.4020080296 0 206516.531241 5185.1442445 9513.29558336 4304.2326132 2105.00745506 2062.99353459 0.908551101987 1704.89495149 5453.09201113 2024.91632472
222 2220 47.647740415 0 206440.442268 5185.2882015 9512.50420526 4307.28422512 2105.49792963 2053.34058726 -1.92108919156 1651.21170253 5347.23832744 2147.75552918
223 2230 48.5487035188 0 206194.503733 5185.46503777 9513.67058237 4307.05857291 2105.53960351 2059.63174709 3.14792287649 1662.12467477 5317.0900861 2087.64853079
224 2240 52.6579169553 0 206091.366898 5185.60766553 9513.4570703 4313.96251012 2088.8424938 2059.86899117 3.08032929593 1606.19960838 5423.008395 2149.25390196
225 2250 51.663151262 0 206134.202623 5185.97250262 9513.89625505 4322.83098642 2087.37595193 2064.61865162 1.97243140451 1597.35400221 5323.05256144 2225.36300523
226 2260 50.2541442851 0 206134.354121 5185.68547808 9514.07969765 4299.34172729 2097.46027139 2049.79442359 -0.196094383232 1699.12546094 5303.57829421 2103.93506654
227 2270 51.4773433238 0 206106.182964 5185.88354994 9514.52759804 4316.53557431 2110.56645021 2039.03284417 0.466358029396 1709.38868073 5228.32176959 2103.52237595
228 2280 50.2362670541 0 206022.016424 5185.63799418 9512.62252783 4325.89636728 2098.76484666 2045.91100262 0.181877110621 1596.34784782 5275.13859948 2133.18169799
229 2290 47.5548070088 0 206040.439482 5185.12032094 9513.0972339 4330.32103739 2086.1626275 2069.92483152 1.8254816406 1650.24562287 5349.56718729 2072.35723788
230 2300 41.5452428573 0 206049.558897 5185.75225091 9514.58588979 4319.12232825 2077.53074969 2070.80646042 -0.505087790033 1653.10922101 5351.35062485 2089.78537252
231 2310 37.9644655618 0 205934.10438 5185.66489401 9513.12628348 4321.13219812 2089.12894418 2062.29744106 0.404251936249 1589.40470303 5328.27923982 2105.1988323
232 2320 36.1676082934 0 205898.050113 5185.40599335 9513.74099895 4316.08956909 2083.67520989 2064.16434627 2.15204988151 1652.07828721 5321.30943366 2078.10945034
233 2330 31.354662956 0 205728.670091 5185.5846525 9513.76300119 4326.77809211 2080.37021493 2068.2413921 1.12455835945 1634.98572848 5347.68511057 2092.33619518
234 2340 27.9194008055 0 205861.567964 5185.58006101 9513.66378628 4332.82535822 2079.75933958 2069.92359135 1.57643365375 1594.34502746 5361.65156458 2092.74518194
235 2350 27.0676051245 0 205770.366474 5185.45915289 9513.49954172 4329.98379303 2085.71500845 2061.85861227 0.122658714107 1581.05360531 5360.58225057 2112.78790341
236 2360 24.6350224567 0 205774.920798 5185.64601341 9513.54297103 4328.33758127 2090.53490947 2055.79890267 -0.918034694443 1627.31496435 5326.91142281 2085.66507145
237 2370 24.419602101 0 205800.917121 5185.75113327 9513.44057838 4328.62340589 2092.65784518 2057.17797895 -0.955247826772 1568.13639806 5371.45342931 2043.26428349
238 2380 23.4089510912 0 205685.189119 5185.69372909 9513.75429489 4327.38772413 2093.14248465 2059.412251 0.509044951554 1627.62269985 5323.56803272 2048.94179448
239 2390 21.2171207215 0 205752.680642 5185.709978 9513.53490063 4325.14627788 2094.40181307 2053.20608823 0.070486865953 1610.1219477 5336.49164714 2027.36241809
240 2400 19.0939246054 0 205629.724879 5185.53872918 9513.75806687 4328.20864996 2086.46585693 2063.37379602 -0.116671809331 1582.32797586 5363.49654006 2060.94057881
241 2410 16.9053108839 0 205638.191735 5185.55122093 9513.68391797 4327.90643687 2095.55623708 2058.36617825 -0.30724807103 1623.09443299 5311.97912789 2052.68354575
242 2420 15.7936351391 0 205677.853727 5185.73543476 9513.70129068 4328.25577209 2091.53063857 2060.09633215 -0.0637769724022 1621.58679398 5328.24084171 2061.99517363
243 2430 15.0572935993 0 205640.83807 5185.49475575 9513.68652961 4329.79268074 2097.70051615 2052.31819429 -0.465133399671 1616.15785852 5330.86378907 2039.67922783
244 2440 15.0658368625 0 205647.278571 5185.62321164 9513.75935801 4326.79001387 2098.69373417 2051.69092645 -0.447582697296 1646.34918623 5320.04328573 2057.11709701
245 2450 13.5890914252 0 205651.079682 5185.66601792 9513.69304465 4327.89978893 2097.138344 2054.21462954 0.929027784797 1636.91262861 5329.27278527 2051.87028193
246 2460 13.2171224636 0 205633.777767 5185.58735842 9513.69715064 4329.82574818 2094.43157613 2055.78765422 -0.0556714743087 1623.11235619 5352.83516363 2052.2267595
247 2470 12.8402396774 0 205643.772512 5185.52111415 9513.58227563 4326.85347419 2095.24306329 2054.32573531 -0.248583582032 1603.48611679 5366.13069332 2040.26007858
248 2480 11.3984012152 0 205590.496549 5185.51523722 9513.69651312 4326.95398536 2094.04977822 2055.52828263 0.209974003564 1620.76504914 5353.82813145 2058.59747208
249 2490 10.7628140187 0 205606.109604 5185.47240949 9513.76636534 4327.08123733 2096.82599333 2052.930114 -0.454818446524 1630.62396923 5333.13976228 2067.13892728
250 2500 10.3194767028 0 205581.843551 5185.46839235 9513.65863364 4327.96735936 2095.74091754 2052.48020188 -0.13415101039 1617.7728946 5345.55302546 2069.54995933
251 2510 10.0408743276 0 205592.689861 5185.51135825 9513.67155192 4328.28465202 2092.55805987 2055.18169963 0.192722438873 1615.35420183 5365.04155613 2057.17821977
252 2520 9.53655859214 0 205581.720596 5185.49631924 9513.68848792 4328.46118212 2092.75148739 2054.69183391 -0.00755398232897 1596.12727477 5368.08211987 2055.64928031
253 2530 8.64237211058 0 205575.275195 5185.5123961 9513.79075303 4327.57507066 2091.36420977 2057.49120224 0.0613020885809 1604.11794545 5361.55716516 2065.7237281
254 2540 8.04601080233 0 205579.25053 5185.47936651 9513.60993567 4327.62801115 2093.19110609 2055.45210154 -0.0327656530004 1618.80617483 5338.89602125 2065.09904833
255 2550 7.78986591176 0 205560.132224 5185.49810397 9513.63970169 4328.24461674 2094.88335632 2053.20630971 0.102071349571 1614.97219325 5337.76913389 2067.58055791
256 2560 7.29012310583 0 205544.560681 5185.51971277 9513.72609553 4328.01352779 2096.67795439 2050.82297036 0.022686648859 1610.76694251 5342.16731594 2056.49348629
257 2570 6.69146559507 0 205543.817014 5185.55451171 9513.76629634 4327.62099519 2097.08562343 2051.80657185 -0.0141661577723 1611.74771719 5346.74900424 2056.73283073
258 2580 6.01713058613 0 205547.560168 5185.50321202 9513.69358793 4326.71769008 2097.51805589 2050.81516191 0.353266575387 1606.03285905 5345.99269098 2054.94992809
259 2590 5.47459644646 0 205534.002806 5185.51425335 9513.6931158 4328.38402825 2096.66943557 2052.01074534 0.16384807544 1603.94659658 5339.75517366 2064.42870684
260 2600 4.68191646182 0 205523.716 5185.51707027 9513.70071335 4328.18855992 2096.44308431 2051.98796122 0.167917277555 1613.37316718 5334.8500852 2060.40069304
261 2610 4.13361222932 0 205543.071288 5185.53691675 9513.76201424 4327.46882411 2097.99895588 2050.58477606 0.135635048924 1613.32087487 5335.88562586 2060.19404011
262 2620 3.84543700509 0 205529.363543 5185.48924936 9513.74297733 4326.62354973 2097.58618161 2050.99218096 0.0633255919542 1609.46718218 5336.61295862 2056.29699411
263 2630 3.84023570004 0 205530.517255 5185.48827171 9513.70848415 4327.09311906 2097.09338581 2051.33475223 -0.0178040913306 1610.41326131 5336.56561174 2058.12289625
264 2640 3.77628296728 0 205535.524386 5185.48480291 9513.71754308 4327.32147287 2097.33189499 2051.67885589 -0.0112760349123 1606.93179216 5334.52664941 2057.66388171
265 2650 3.26794587194 0 205525.122764 5185.47813437 9513.71663737 4327.93861685 2096.80790852 2051.95690838 0.00714574431703 1611.8364169 5334.65998149 2057.49233084
266 2660 3.20743906062 0 205519.824991 5185.50466264 9513.75495391 4328.29206012 2095.92479246 2052.81349942 0.0751069992823 1610.79720405 5341.43102634 2056.05280043
267 2670 3.09142281698 0 205517.182503 5185.49900306 9513.73668116 4327.75285088 2096.55386515 2051.87842378 0.0581626784363 1606.37103585 5338.74009206 2056.2994218
268 2680 3.0622768791 0 205514.683485 5185.5182595 9513.77575724 4327.70245039 2097.01362889 2051.42220524 0.0233846351708 1612.34408202 5334.97917012 2055.47408531
269 2690 2.99152670077 0 205506.843539 5185.50796471 9513.76741132 4328.27930754 2096.48355135 2051.86548373 -0.00884624664209 1607.98288804 5340.27227001 2052.84347586
270 2700 2.83767503231 0 205517.903752 5185.50254004 9513.74732388 4328.64068184 2096.57000751 2051.81356564 0.0722111610588 1609.85775617 5339.2702006 2050.0546013
271 2710 2.72286692121 0 205515.344803 5185.50454023 9513.75060301 4328.07344156 2096.26389787 2052.29919509 0.072920574201 1608.6175597 5338.04494759 2050.0420479
272 2720 2.66502383765 0 205517.439065 5185.50487758 9513.73211554 4328.67669721 2096.30792094 2052.27761188 -0.00448965606925 1604.90480493 5342.97401736 2050.84472442
273 2730 2.65941559065 0 205513.994607 5185.49122089 9513.73544005 4328.37268443 2096.9604374 2051.59828219 0.107598819068 1605.59710695 5342.44201826 2050.72627492
274 2740 2.60063952796 0 205513.607821 5185.47557161 9513.72988249 4328.27546772 2096.96610536 2051.4860138 -0.028720571915 1602.09968503 5341.00740741 2051.748538
275 2750 2.61402337042 0 205511.762257 5185.50740462 9513.7533835 4327.88191281 2097.51107324 2051.1336917 0.049908221042 1601.38701189 5341.51163149 2052.30917554
276 2760 2.53341619332 0 205513.333977 5185.49687944 9513.75615091 4327.65618209 2097.01876412 2051.58899347 0.0216171562072 1602.46050948 5343.74058945 2054.23052077
277 2770 2.18589485126 0 205508.004024 5185.49030112 9513.74510561 4328.01876281 2096.96258943 2051.42672374 0.0123943629527 1606.27865764 5339.92736117 2053.89453635
278 2780 1.97995245692 0 205507.759925 5185.50392276 9513.71076887 4328.28534774 2096.8432357 2051.54465477 0.0329911289845 1606.24094081 5340.15941503 2053.82016748
279 2790 1.77713753579 0 205502.459822 5185.50395472 9513.74734689 4328.32413576 2097.11876905 2051.47347917 0.00533388922563 1605.73064708 5338.81704577 2051.3500341
280 2800 1.59500785364 0 205505.198961 5185.50131584 9513.73840674 4328.33479413 2096.93075753 2051.65842789 -0.0138092180649 1606.09192726 5339.34438373 2052.52668005
281 2810 1.53741649166 0 205500.939055 5185.50438503 9513.74664988 4328.31038985 2096.91080281 2051.60270084 -0.00374043347386 1605.96054692 5339.5376102 2051.16010111
282 2820 1.32392632066 0 205502.918889 5185.50210903 9513.74927718 4328.16040051 2097.19234674 2051.41602204 -0.00175684198123 1603.56247609 5340.81048309 2051.21306537
283 2830 1.21824198863 0 205502.962845 5185.50829306 9513.75350203 4327.96766397 2097.11444328 2051.40860517 -0.00605948580151 1605.59653952 5338.94588141 2052.84758291
284 2840 1.08639473105 0 205501.023222 5185.50178356 9513.75053739 4328.10587547 2097.0575176 2051.48049967 -0.00625355886687 1603.64223344 5341.85361556 2051.38636827
285 2850 1.06969627563 0 205500.711183 5185.50621687 9513.74568641 4328.17674622 2096.60501167 2051.8473806 0.0234998570405 1604.11739423 5342.32485176 2051.78130612
286 2860 1.04228250707 0 205503.448985 5185.50602025 9513.74238816 4328.26739776 2096.73631448 2051.73969583 0.0583427065756 1604.30245772 5341.26505808 2051.2415462
287 2870 1.07300695823 0 205499.058169 5185.51039554 9513.74792341 4328.2353138 2096.87128964 2051.53058843 0.0681068910315 1605.2182808 5339.69259087 2051.70421329
288 2880 1.05062736756 0 205503.464064 5185.50380491 9513.75972466 4328.17453818 2097.116945 2051.37659226 0.0245710805254 1604.2491984 5339.49157879 2051.40047581
289 2890 1.03991868056 0 205501.121201 5185.5017608 9513.74675118 4328.28169453 2096.96494204 2051.48825925 0.0357854518089 1607.33981288 5339.12459191 2050.87306201
290 2900 1.01239382786 0 205499.049525 5185.50873687 9513.74618608 4328.23721323 2097.02183012 2051.38298494 0.06300258252 1606.79809899 5339.72726145 2050.70453152
291 2910 0.928368023116 0 205499.870973 5185.51040527 9513.75373442 4328.32197444 2096.92053981 2051.58838943 0.0114978871015 1606.24610499 5339.81761065 2051.20412407
292 2920 0.897134165657 0 205500.069275 5185.50741332 9513.74832064 4328.15068578 2097.04530967 2051.51779803 -0.0267756658035 1607.08172816 5338.4885012 2051.53126507
293 2930 0.840761183345 0 205499.018247 5185.51047864 9513.75693915 4328.28579218 2096.85108389 2051.60793731 0.0184036032784 1607.27455706 5339.1303976 2051.75092355
294 2940 0.751887343292 0 205497.864687 5185.50976772 9513.75338791 4328.18607976 2097.11210611 2051.33908954 0.0107728416077 1606.40510346 5338.99595581 2051.72297445
295 2950 0.734429041965 0 205496.961594 5185.50715442 9513.74674456 4328.13266395 2097.06470618 2051.35140037 -0.00462707851371 1606.59292051 5339.59192103 2051.04569759
296 2960 0.673826751199 0 205496.317973 5185.50901287 9513.75412648 4328.24571074 2097.00860676 2051.41760083 0.00314002585481 1607.08803718 5339.55114555 2051.58952912
297 2970 0.654032389562 0 205498.28788 5185.51099589 9513.74957923 4328.13178507 2097.16198099 2051.29247517 0.0226755104009 1606.1644469 5339.11811282 2051.2328548
298 2980 0.658625181776 0 205496.971626 5185.51002958 9513.7491964 4328.14151608 2097.13512311 2051.27061193 -0.00613329020858 1606.2542787 5339.3408037 2051.75131626
299 2990 0.635670414866 0 205497.819659 5185.51013927 9513.74431644 4328.13565485 2097.04397571 2051.40418405 -0.0158002277623 1606.77448682 5339.01020398 2052.21719058
300 3000 0.593692139043 0 205496.914582 5185.50811965 9513.74346329 4328.21118308 2096.98014534 2051.40635295 -0.00416481749861 1607.02728038 5338.76642082 2051.51177288
301 3010 0.549036498783 0 205496.576882 5185.50967368 9513.74286131 4328.15004961 2096.98426454 2051.42002074 -0.00366309387598 1605.84526257 5340.01981781 2051.38198384
